3274927304
1122707847
1662703930
771954513
348809340
611559851
3181097742
1661771541
3565315440
3815291407
2925092898
379085081
2488063908
1900363443
3010032758
3166101853
2979558168
1012947863
2744173578
1574888417
277162956
1771140283
4086784734
2486267045
274216384
1981034015
3336348914
1526579113
2905605364
2779540419
3744144966
3028639981
49827176
3775549863
3217859290
1778390129
2778596124
3899540427
2547926702
1776279093
2189646352
4270646831
3353632194
2287272505
1060357700
1874009299
379485206
2786198653
1230502840
2569669559
3910890922
2169481473
199880300
1423644379
302866046
3037787077
4255699552
3979600447
207456914
2863081673
2093816724
4249506275
3036712422
2171980813
2885451272
3779103175
3624549498
821469585
3296587196
2598956523
620866126
1761455445
2444074672
1319772751
1584737122
4097651545
162596068
3164801779
3637400502
2701768605
929748056
1510919127
2623928138
4099800609
3920560396
4008233211
3201837598
723454693
3686186752
3687884383
3348643890
1302340073
1255440948
1814972419
868535686
1499907885
761790120
3633697255
1832625690
3308175025
2131896412
3714820107
3371032046
3811445877
1445540688
164130415
1618200834
3852006521
3060568964
714934547
3672177494
2305161917
1425603832
1981193207
2027440362
2874270529
3246154668
1531087643
4158637502
1260630533
2829712288
435321471
552912338
3241192201
602814676
2262847011
375381286
706761293
1247989576
2685544967
3033063354
1290824657
1996665596
3581833771
2609570190
2134440853
4162721776
703580815
2957522594
1269843353
470708772
2418612019
834564854
3740192221
3475666328
675904535
2916772490
2121488481
1056577100
1097882939
1863070046
2380720421
917145664
1134648991
886774642
3869295657
683818868
3857212483
1270463686
2238344557
437579752
1421709863
1478093146
3531843825
3791097244
749292619
1757459758
132545205
1941195920
1831351983
609907778
2043356857
624861380
3352245587
642693782
3312201981
656883256
4021251127
3738459178
705322369
2714769644
3438952283
2319805694
2419109957
736126176
3102036671
330514706
54029641
2381878804
634292835
4139412582
2701990029
128344200
1470106183
1956037370
1144026641
2308487228
276051563
2960611534
1811843541
2568212784
1434038991
2266137058
657561561
3500482404
2954322803
897176118
77997085
840390360
2404412503
590224842
1314845345
3181800332
2909286779
1668511902
315164517
41128320
2647021279
3253024434
3225396841
2620996788
3877290115
1850338310
1456493485
3527352616
1304531559
2611440794
1950274353
3415093980
845623435
2794900590
3192465653
207922640
686571247
2530762626
1865128185
820637188
730440083
271038934
140814141
421707640
238320759
105885546
1874401217
4196732460
373437339
3363722302
4202163845
143396384
3662441215
936967250
721317769
2955686740
3461678755
1028668326
612114125
2366058952
539634311
3535005242
418824273
2575302012
3356113579
856100878
898521109
1171180144
4052212495
101977378
3506514457
1823804580
548270003
2604691830
3765418589
1500608536
3076758679
2275479818
4133539041
1391722700
3205514683
994967518
1342530981
1615977152
444567327
1643549170
3032271017
981039604
2214943939
582310726
735607277
2670105192
4225880743
2468622298
3433053553
2031491100
2330285259
4054852526
748033845
2440707856
2102691631
2066582210
804932409
3199105860
2047626707
4021025046
1083137405
3291185336
434490551
445268650
782111233
1471890284
3814352859
4056578942
1077505221
4293719904
3462906687
547747730
851620297
3217625236
3031679715
291588838
850224397
3284484872
1374718663
3395307898
226708113
2214101692
3095428843
846858062
573072981
261030832
1582973775
2425149538
3546217561
1971206628
640465907
1515344054
2156630173
2121849176
147000535
2792571978
1220077345
740480524
1118345723
3587950366
467403749
2978309120
705496927
1213148466
3730320105
3636655924
283654403
809241222
2730680365
168510376
3613283047
3654300442
1038608305
1741634908
308525323
4182555374
3104654709
3023378512
3936423791
3566859778
1719090553
4090251396
395786771
1545304150
2620150717
25264632
2600688887
2260997610
1492732993
2278733996
545446939
2238309054
1471490821
323166368
628579199
2707043026
1422210057
839855572
1294647075
3660421670
2313218893
3575682120
2234723079
2530995386
2752910545
1715619836
3726050091
4262477454
3087840405
1200913648
1009838991
3384599458
4169862809
2957027108
1154730035
2851041270
859416285
443382424
732871959
2330245002
1470579041
3060984652
1148268091
1381813854
2358043173
2538483008
2091827103
3895396466
2538720553
2354426996
570643779
2652764614
2580514413
3693950184
2557940519
1256945242
1784009201
1425646236
3844234571
2896990766
166638517
1708470672
823252911
3864895810
4242698169
897799620
2825545299
750139286
2306574845
3932472120
1506618679
4131203370
554354305
2544594412
4194013275
1117555198
1999317317
2211351008
2948281279
3442847250
189134409
3158215444
1274674019
1056254310
676770189
710485384
2452753223
3009859578
2666471185
2644331836
1963837291
621393358
3178971861
2132751920
1800131535
2497982178
1254449369
574379108
1088623731
22531894
2260335901
3868154840
140946775
2150984394
1970002849
2669953164
279577211
269555102
4166516837
4075566720
44349407
4107674546
2045357929
2859577780
2341908867
3013290246
792620205
516711976
929829735
28703130
875166769
1037387740
1600209291
990882158
91906549
3617229520
1357307887
867732610
494658041
689152772
281399955
2025600726
3065839677
3625272440
1585659255
1412791402
4178739393
3565511468
3691283611
681734462
349923205
3536794400
2104708095
4151863634
277149833
1402415188
2774628259
653785254
1280227277
1823405768
2435656583
3678466874
5138769
3343487612
4188326827
1990618382
951324949
2272210800
199949327
356694562
340652825
280052132
513450163
399208054
1229755229
3692985624
3341475223
296050186
877049313
3547780556
865277627
2922945758
4118634149
3852435392
3962499103
1636073202
1616892329
3361140468
1642220995
4159936582
3243217645
455661416
3967636391
1500495066
3181667953
1604463900
492856779
330694830
3522187317
2059740176
2321557551
2146088898
847483961
3015520324
1961459411
2540533270
305182333
1674773944
4049964471
3421310890
2471525121
3416299628
1927133403
1992005758
3875923397
3246726240
3739198527
3009569938
1589787337
760808852
2376152035
3111520230
1946746381
2237794312
3664022471
162158202
175371153
3230078908
672927723
36070478
1878466389
1908697264
2119066703
2920842594
3747923289
14642916
574254323
3834269110
2301716893
878370392
3493547479
175411530
1719128097
2158668556
2037148411
202597406
1513946341
3500673280
2844616799
1635392050
1693725673
3141889076
4180027907
845629318
3997366573
1518504104
803918823
3982016538
1761939633
933253724
4217358859
3856635886
3583016565
9764176
1572712559
3459523330
3862529657
4206886276
957704979
537523542
3390483645
1725826808
2595495415
3366183658
3791959361
1245515180
2865179931
2888302526
3823805445
1362118048
1681931391
3560153042
809352457
3200525012
2029596707
1571772198
1573225549
2645711176
102247431
2044918202
1067433425
2794839292
4239627307
382311310
3917770133
2405360112
1656097935
44404898
1984550809
3087457316
3489823027
2664721654
2494070749
1753513880
3419930135
1977812106
507456097
335528012
4000710459
1222732638
1020713765
1430639168
3942654111
1744237938
3790001705
2558339444
3852617283
1781937862
2488835949
2786687464
3119813671
2561737562
3633052401
2198845340
362769995
2697752366
3063606453
1514804880
2336192687
1641336386
584956089
1666976452
25794387
3922834582
1286529789
4202055736
581889591
4120507946
393162625
1570423532
2952847707
2284300030
1103733317
3272650464
3721729215
1831607058
4281827145
3172499476
464088163
3135497830
130304653
517991048
3968339015
2804604154
1645332497
3602244156
3014350955
1137709774
1805384661
1904122672
2573333711
4129938402
3812436441
996641124
3962750323
3186215990
4193375773
836460760
2722164311
2670770122
2916926625
985011596
3740259195
3286413982
4085971301
1421400960
2697402591
674959538
1903671401
3040749236
4220953219
3869271558
3520103853
120433448
2195362919
1991804570
4000916785
1060134108
3361690251
1941735022
1531943669
3106172880
321224943
3188504962
313535225
2463193092
2995127187
201634774
1211717949
2010892664
2442526327
1041189226
2781866433
1392097324
4006270363
167415358
1994580101
2556844064
1541287167
3515602514
2247065993
496377172
1777461411
3092493734
2957332685
2989145032
2784242823
1287782458
1946817105
3995543420
3376635051
1484376590
4236102165
3915617392
1116871951
2883938082
1887353881
3493951140
2064339379
4178209654
2269998173
2308932120
2075532951
295545610
2811272929
3792546508
3608799163
475478494
345593765
4030801088
4213330207
2508614642
3991329449
2798150644
1329807043
786814278
82488301
3338607720
3269252263
3803138522
3440152433
2839691804
2950657739
3455049134
3924724021
2388920592
900712751
2786845890
535878969
1851778372
1883942867
3722638102
2868252541
2018413240
799624887
3443776682
1063707649
3080318316
325388763
1893774718
964058821
2456895840
781944127
2492649874
3198534601
360512148
2551358691
2101265638
3582498573
1087556872
2325515463
1709728634
3083377809
3391728828
4189823211
1678164302
3798587477
139316656
3196486991
2266509922
2823720537
4225016804
3234602483
1198934710
1257980573
2836456280
3229060823
2557075018
3717904673
927367180
2738109435
830406942
1984034277
2300489216
1783744863
3810068274
1903443177
1113317684
887626499
172393606
3420918317
1858981288
4063974631
2010467610
3599120817
1048930140
2824854283
1587967214
3367483253
2336809552
1931366767
490885122
4108308345
457683588
2669124627
4138496598
2737112509
3574500344
2234048247
242724842
3597934145
1488675500
168787483
1008344254
2143558917
2993777312
3863813503
2306936018
3818538505
437065684
441164067
1894061094
902700365
4095221320
851520775
769525434
2945279697
2281533948
1096033579
3048667278
2745181845
528303856
2910793103
721567138
1424793753
2204176676
1102391859
3765266934
2470140125
158303384
415579927
1054167434
1648038753
2812319052
1333710907
580520030
784651301
3230758720
2660598175
2217927282
1449123625
2637733492
1086666563
2147644358
84260973
3352936168
3375764775
292196442
2904957937
3157904540
3458236235
354438190
2649433525
2702375824
2343639471
1723857730
2075984313
4274569156
3811362899
765538710
2667985917
2807811384
1515499319
2901066538
2637666433
1134434284
4278858331
719766526
2148277061
967234528
1395848639
3281422354
1863125065
3766908180
2765938019
981902182
3478512525
893038472
1990331719
534964730
496529681
2229434172
3696028011
3704254414
107001045
3224502320
4022080975
2061732066
2157507289
1814478436
3255203443
992987446
3998068509
1677419992
1826565975
1344275658
2276568481
3764120204
674866299
1323847582
2489447013
2010742912
2284681695
739507634
921289065
211721140
1192924035
3612975878
3464928941
3680694312
1074599271
3400471450
858541617
530543068
2103534475
547185518
1338561525
