1159014463
447879314
4085669577
1705433492
537720803
1023867878
3080544781
3619888136
2873790407
2934999674
2075957137
1989110716
3959444459
2346047566
2853700437
3293052080
2415192143
3492100450
1036118361
1811038948
3332845811
3089646006
191810973
189854296
3132248535
3256337738
3564729377
3256352524
2406592251
3882866718
2821120229
979410176
115666015
3783511602
1462392809
509427764
869527043
2370976646
4251540781
793615528
3694319591
3264803866
3858740401
1907533404
1875250699
841550830
1300456053
583176528
3070637167
528144130
3330845305
1797050756
2655268627
159508822
1147539645
46013176
3238863351
2529236714
272128321
976511404
2580443419
1486779326
740722693
487774624
2042216575
972510162
3907379465
2712008404
2900948003
2901691174
2977818701
434597192
1858220039
3961335226
1363960273
1504850172
2459686955
3802992526
944329109
1177974256
77631631
2418427042
2173369241
3266162724
2264087859
4213596406
3221873629
776901528
1326645783
125450378
3584347745
3883996236
1736393531
3279019870
1482997541
2287101504
4187727007
7645554
1241578025
3492347252
3822324291
1255484102
631440237
1857588712
1073780775
2498049882
2280300273
607521692
3188306507
692708142
4113682613
3939216016
4140563631
3096412738
2182143161
491577028
456940371
2516428950
1646413565
3475659832
2748052023
2007706154
2701579137
3383105260
3826001243
1305615102
2309588549
3796320992
2794625215
90427154
2143527753
2660127764
891105379
1239210598
1335930509
1491664520
1895174215
2589528314
941779985
1525036604
3751255147
1172801230
855957461
2695507760
3482351823
589205474
1063407065
966942052
4188506483
384811062
2994158109
2054780120
1111487063
3199986634
3534121121
1951099276
2130515835
3517392542
1086119269
1696165760
1688640735
221037746
4084587625
360577716
21784195
3237173766
3376343469
1470152488
1722456167
1306573466
4097558833
459976924
1758303883
745405038
3297410805
3422159824
2499151087
1312517506
2496089849
3931515908
3300706195
4007962582
3704667453
425975160
4051108471
672431466
2932575681
253299756
735713691
3705209406
577160325
519105568
3688870143
3493300818
1918870921
1369436500
2900995235
4211124646
3494229197
1040699336
3391500423
1961112634
847165009
392919932
1328783531
2227518990
2693443093
2766350448
285516047
2890799906
3246907417
370166436
587470259
3267649398
2968965213
3910243864
3162055319
1931271946
1572750049
1438056140
1646996411
2974789086
4151262117
4059412672
2017842463
4209778674
768147113
2208053236
2692547267
1995229510
1182601197
860237928
2289096871
1221295578
1295201137
2492503580
206682827
2866106798
3788336437
932027664
3519302959
2747177154
1760297273
3078142276
3204805587
1802954518
2729538429
2058002104
4065219255
3543994538
3955656705
2546811244
494423515
1156786558
2896052933
2488259936
1776355647
766674322
3136939977
4028288660
1217292515
3886004454
2980903693
2994987272
3532820679
1996396410
2191605905
1820459196
2645550315
2928031054
3340418133
1679909296
691865935
2398414434
2453385817
3711399908
1195958771
4125376182
3385370269
3008821080
637440727
4024242762
1227644193
3104035852
3712581627
1101755678
1388042725
2418491904
2763607391
4243766066
322593001
4022580532
363192067
872511622
1000175149
2330517928
496195815
551911706
4111523249
216513372
2228625163
1405085934
3006962549
3737548368
762762607
3159950338
2831086457
2851374724
1851154451
2733925974
3791940029
3426656248
781312759
3831817194
1245168193
822261420
2770780699
90214590
512753925
1134821024
3772162431
4044669138
2480040457
4013878228
2085315875
1996097574
2987819341
3751621192
578498823
3689429690
2865367761
2003420668
3343673643
308964494
754256533
799333104
3094983055
1850929570
2076034201
1415046436
3937791539
3884932598
1261223133
1384749208
655377175
1077708170
2804987745
192014668
4237825083
2717547614
1759688741
3773696832
2587952543
2256574066
4262069033
1865708148
4110875459
4285622214
2262834285
667472616
3729922343
2976826458
2383726577
1102061724
4003119947
376291374
3742501301
3001323408
1749917103
3679104834
1048585657
654939076
1995410515
1822238102
151625725
660595000
1853993783
114030378
4234099841
3891882988
4012209755
3714136062
2927361861
1848469472
285243839
765344786
1999187017
72108308
4234191203
1347393382
3485616013
781435784
2451575111
518069754
1832457489
2506279740
139013483
1068622798
2556008661
2561512496
2667223503
766000354
2286819033
2159120996
3515562611
252034358
3278050077
2146007512
2817405783
2944088266
3389739425
4198579852
207022203
830260126
2418267749
3314160768
1226636767
1255518642
2289558889
1462661044
316692355
545036038
1183122093
321258536
3270318439
363284378
4202623537
808043996
2782898059
572446574
1267972085
3844597968
2189993455
2211682946
1416599545
3556237572
3172006035
3752928470
3321959997
3847119480
3126707063
632441450
1954346689
166813996
1739877019
3426033470
3533847941
2502693152
178164223
915339090
524168841
612558420
3171818915
1524655782
1223708109
1218942152
968962439
4213784890
3425591121
1672286332
3706073515
94149390
260597525
1887145328
4244619791
4029990946
36481305
2810478500
575155
596073590
11250013
884382488
3503842199
3369675786
1140599777
1924256716
2563112123
2406632158
1589589157
1597726144
3784128031
1026690290
2361657257
1022471412
2205283267
509806150
3637258477
2520806760
61102503
2832141018
1552899185
362064668
1189399499
3860016814
520070709
3872424464
3160927791
2033436098
1422740025
2516545092
1694147795
1399874582
120245373
2672436152
1516639159
1817697706
1691414785
606770796
3138625243
287065726
1094892485
2044721760
502327871
2670129810
2253484233
2233648020
4069775843
3186390502
2615186445
387491336
1906217415
1811981434
166324625
3213399484
23295467
1936364110
3636557141
3360605872
852044367
423138146
1939438425
1309715684
3127808755
475282358
289832861
2855337048
168743895
1469472586
3879945761
2718148876
1847939323
2602242590
2868171493
255977216
3553734239
2429921330
623798761
4122880564
2600194051
3227825542
3690303277
978855592
414702055
103157274
377882289
1865470044
2917806091
294307310
3214267509
1763597136
2519430767
3198890242
3923328121
2455780228
3538718995
1595597654
4207329981
781395192
3604653047
1174188266
3214617409
65342380
3582137115
727100862
4036852229
495526816
3677848191
983969234
3869438729
2607538388
288478755
3769877798
2261981773
3274110792
3522703879
2896644026
2829824977
3325385468
1912666667
3629894030
2051326869
4050075632
3767980687
1274257058
2798947737
966138404
2231148339
816601846
1131648477
1503174040
4224812055
1727189642
3324026977
4118199884
2561991995
1941379422
2332340517
1994240064
3492439711
3103818610
2885094441
2530469748
3988646979
230794438
776025453
3366787048
3127351847
149705050
3399676145
4198380956
4147106891
2479201582
3549840053
1565619344
3490922159
2541345858
4258492089
777668804
2871442771
3656426134
253032701
2892588600
4160451639
1575011370
3072042369
3059794156
3812804443
3659814142
384989253
3244788960
313678527
474786066
3128079689
480132628
3441955427
1786139750
134733965
3054667912
856560199
945629946
1790164497
3572719676
1795079787
3283108046
3125957077
2097477936
3869817551
1806035426
2786975705
1867827044
603122547
3620715062
628288541
4230840024
2388685911
1110345162
852769441
441127820
1689565563
2022072478
1429131109
2001648000
3336003295
1760730802
3143495273
1970463924
1341671555
1304024070
3991870381
1249855784
3774061159
3428963482
1529223985
3019692764
2130032779
2617488494
1094775029
4104768976
1784628975
2262812546
3137069305
254645764
3521718675
3677462998
4065685309
1913448312
3322446967
2672039786
3180486593
2296231468
1351793563
482688062
713143941
3871028768
3567350527
2539283538
3154163593
4261010260
448171683
1114907558
1572792013
2568706504
2904568455
3395440186
1380059217
2298652028
1755103915
78116878
2670338069
1013445232
1698620175
2609870114
3149230617
881636516
2610001843
3372112246
2240053853
2335154200
3925582999
1955166474
3214808289
4257261772
1583664571
1221126110
2679319973
836043456
3893925663
2481715698
765661353
651895284
3588940995
126698310
2034188781
151960168
3298548391
2881918938
3931080049
3651977244
3782991051
2575633326
785768245
2691131152
2773454639
1344074434
2341638969
437920580
1802753491
3122520342
2462590333
415082680
2302792887
895920810
2235521537
144436076
3383947227
846816126
3783996613
1321475936
1900333887
1057972114
3851221449
1958656148
773671651
2414686950
104344845
1434544904
2557383367
1576448378
2710999697
3215141564
656082667
2860707662
1863069269
1087384496
3164162895
1055932514
1910195289
243130852
806896627
4218960054
1911052445
1071579480
1994593495
3376655434
1052651297
3440868876
1376068091
3284053790
1087491045
129010688
2754482015
1831638322
486961897
2152505140
3554001155
41677446
1852942381
2375773096
3718273767
1113234202
3663671217
3901613404
4211228939
998875886
43322741
298467408
19142511
4134624770
433554809
1952444548
3691430419
234184790
514661309
2042341880
3387385079
2340978154
6460481
47931564
987980827
2592131774
844034821
4207036576
2027709311
3870005970
1901558793
4130133460
2073839395
3122758182
3216225101
344243272
2369336071
777671866
3673251025
2517954556
2730068779
75572878
2956491925
3682444528
2365059983
4178070434
2463061657
3261615908
1707561011
2793232374
954101469
2474353304
3713451287
1268588426
3262417249
4119827276
1272297019
145208926
1321904677
2585875776
2874656671
1744072818
3821540649
2533842036
3724074307
1170596294
2881900141
2707774696
3829472039
1801313882
3449100785
2648722076
3888702795
1901165102
1656650677
974281104
1042079663
3172796738
1342879673
2201943492
3353472595
2918719382
71586301
2923883320
1345926455
1290375466
1631325825
2229016044
3496220763
337342974
1393357125
737522144
3148364735
2708411922
3651157577
931410708
3077800803
1750143334
2289138061
1063603592
1673532231
3066902522
3230820113
1771566396
397954923
2715983310
686754517
2645581360
3063602127
2904004322
684828889
1435237476
14589043
1095612214
1755759901
1061520344
93762903
1188418250
2634097569
610855052
2551614075
1992555934
534628453
3395772032
3990208479
931367858
472381289
3226163636
3365157251
413864198
1333605549
1303154216
3502119783
1108369818
2788246577
4142133212
68143499
1780257134
898771445
1249882832
1551493103
660599938
1483483641
3958852356
323312275
2976259798
4056795197
262106232
611796343
1690952810
436979905
3688762156
4134866075
2659801406
3120902021
1671322400
1239962623
3264860498
3634839689
772067412
3588423587
2176573606
2662432717
2137202376
876819335
2995739450
1421455697
3614194300
39277483
1374115086
3748649237
1487427440
1505887247
2120098338
2116172569
220785060
94251187
2200524406
3481361245
1014801688
400745879
1177404938
1621360097
1189313996
3272056507
2907931870
1246439077
3116541888
2615670815
3474581234
2691045801
2438502132
2816988611
40599622
3084278509
3685810024
