4131433042
597050761
3039170900
1266240675
3792423334
446059725
3286233032
3537883271
2081510458
2861127249
196451196
1605845163
1832148494
3572452885
96422000
3505537295
3105831714
3672539161
3013503652
3824924083
3642195830
300904541
2238821912
437961367
974257930
1123082977
3305709260
3793144763
2986790366
393993125
978966720
706442527
3229958130
1498390185
4247934964
3185353411
2928142662
136163309
2821607528
351959207
3783826906
2307773297
1625994780
1973770955
4124340654
2005011765
1769585936
2407656751
1948235970
3499794745
790026564
4073526227
911869718
2398753661
169524920
130020023
3485610154
3913885697
590307692
1781788123
2352630142
3254444741
834925920
3448154431
3671827858
147883977
130084500
3435006179
936040678
312318733
511443208
1256992967
3914053498
726392977
2565611708
1205044459
605377870
3860814933
1864204720
1288350031
1793459810
4030354009
3068499940
3588260339
1029136054
1767982749
1037506392
1530933975
1777480266
117374241
3900044300
3738509307
2541917470
2238216677
2326487552
573500767
3651918642
727777513
762959156
3903160067
1690081414
1675499053
4126212520
3921475815
3032654106
2987097521
560061276
1472839435
3151956206
2207202165
3402798672
517240175
3956941826
2769130361
1840424580
1069416467
787973718
1559038397
1506721784
3953361655
604636138
1884971585
2357515948
1132618267
835170494
2525798661
2738364064
3759948159
1163780306
508103177
3674541012
2249917731
1346709542
3383173453
1370837576
2859782407
3646249658
605334225
4227065340
2869954859
890866830
3600394901
79756016
3752284559
962859426
3193726105
2317747492
3874328115
2149744118
3378863325
3945379992
3555844887
2373035402
3718469473
453249356
532919355
1827773534
1311725605
2912037696
2203493791
2589570674
2731582249
2433389172
497457987
1229752262
3049307245
2834363112
2317072679
1617683546
1806657521
3192537244
3408814923
3148668974
2315692469
2031136656
759905711
2313932610
1869530553
1458025412
2247568467
3653256598
2995929085
3541041464
1932743479
2844858154
3944864897
865831916
2132874843
250107902
689479493
2950793184
1273371071
1225219090
3728723017
3828508948
735068515
3535452006
1039329165
3335250824
3384389959
3345890810
1461957905
2450320188
3316436331
796984270
1822308565
1474933808
1774729679
131685602
1334621913
849326692
3680688755
414768438
3225137949
1185520088
1819267927
4023408842
421392801
166944396
4045572219
2442388382
3356522085
2219717760
1037213151
3050230194
1507755369
2099548084
824178563
2742531846
470131373
3396215848
3998660967
4291061658
2562298417
887350748
739461003
612235118
1898469365
2775845072
3139847663
3516185218
1509832697
2415264004
2847447187
1307854038
1042921021
3474883192
2796512119
1268214378
3420427969
1706262828
2303724187
584859454
4024360325
3640668448
556020223
957880146
49598089
411633236
2988293539
2792064678
2915102157
654292168
3237663111
1859543354
3334012753
4168560764
334090667
3800808206
2926380821
970435952
191717903
4186302498
3993717017
4120027044
3078645427
3193601142
472140125
1234615064
1291453335
474893322
1269746657
2726556620
3744570555
2762566366
2303448229
807370176
2179126815
525020402
717924265
2265435380
928093123
4202571334
4109158637
2745734504
1320024487
3993774810
1533672561
3262040860
381184971
1704087214
1597261365
3241976336
145067567
2249516482
3472615993
4263349828
3477226707
3805512726
3992153213
3879355320
3461854135
895286698
3302199553
2953623148
240074459
2900584062
2703186885
3755219552
2954267199
2832208530
2259161289
2907235220
1296267747
4070020582
2538681357
1536214536
3900191175
3402482810
3038022033
208844220
1376196075
1568256590
3796243797
3150636720
618056271
1906946914
605559641
1480510692
3213243123
1749506998
3948879773
758193240
3721425879
3727392586
1201006113
301320460
3056660731
2238853662
1747022565
306579200
3217509983
168740914
802490857
2213825076
2222682115
362796422
3736481581
3185591976
593590759
3330485786
369141425
3828019292
1734201355
774497774
3127538805
2108324688
2517177967
2863419650
2024266873
3332266884
1523855635
798884694
4029637309
4104340728
1919697911
3525431530
3359492929
3756469164
4200510235
742247870
857348613
3315418016
2298290815
1802456530
2744750857
397541588
1904309795
511632678
3101932109
2378110792
3631337991
378824634
2759218129
3946806012
2084870699
4018858382
2389271445
788750320
1447326351
327466658
3153276313
535050788
2008301363
1304394486
2083272157
1790492056
3342017559
1084748426
521355361
3314081356
2187363643
1395538270
2060538149
3422670912
2814379679
3914965874
3275598889
2301233012
2900200515
4229743814
3080836461
3797235688
615594535
1684631898
1790808305
1465406876
977499211
1837415726
688579253
3422393488
596696751
2191195202
1094848185
1320708292
4037958995
194232982
3005061373
278496824
1529680951
3441812522
140395905
42131692
2042521435
1613460734
3691976773
3415977184
2081946303
2486552850
3557381449
218390036
3541545571
3512824934
280526989
650815624
1764209223
3446295290
1461607953
4062019644
3470941803
671047886
2031546837
616634672
2146851535
3260484066
3218898905
1371727716
2756348787
3858946614
1556843549
3144523480
4049736791
2399380938
610720417
1786590092
2415942011
1830650014
396062565
1049811328
705494751
1886109362
2135199337
3957916852
2226645123
4113888262
2649734061
440887592
1256012391
3808359578
1004583729
423033564
3953744011
1390597230
2438303989
3715493328
2977752815
2434852738
1393197305
1001108996
1964034451
2381627862
3841855293
2489124728
2430215287
296302442
4151640001
1696585260
4172176283
1206672446
306075269
1930384928
2577863423
1986233426
3526842249
2189425492
1715875491
4068426662
3708782285
3488840136
3000619655
2861526586
3477907537
3192702332
3324011179
3591837710
2827927573
1849954928
3257697039
2707461410
2048135705
857396388
1233721267
3897653622
1534927453
412074008
2224899223
1417582858
3922769121
3994208460
1800433083
1920993246
3569339813
2335777472
1995323167
2458196466
1042919593
1097941492
541754563
2284348230
4024426989
2935413352
3458562727
2642655194
2880054641
1728503836
399473867
1300507566
428506933
592676624
2148347695
2575176386
406926137
1924678468
205223379
234946838
1947256189
422430904
1538487479
3404450474
1203894785
2499677036
594448347
583041918
2347226309
2100838240
837446463
2771943314
2556664265
2909067412
1598876387
2836943590
2619919629
1920568072
231224007
2839794042
1329672849
755845820
507422443
152178510
1662045781
483150768
2099702607
333537378
1960436825
1227620836
2880431091
1273714870
2256599197
3143573848
3911496919
1549323338
1100009249
2106170892
3767583227
1117114142
2289986533
322219008
4272140127
2196092210
439161577
1594015540
3553976579
2083984006
1269975085
698583976
650771175
792181530
475647921
3188196700
2599805195
212386542
669625717
1322672208
260159343
2666692098
992355705
421400708
443441683
586711126
2392177597
2018232824
1140393207
1680711146
3951375425
1599963308
3862889499
1877469886
1061917445
3948308640
3575776127
4092902098
1624120329
49477076
845932323
1550623270
205804365
933026888
305320711
80180410
1497103569
1537150972
3548195627
271599246
786242709
2174338288
1361417103
3172559778
2054026905
1496739620
1325330483
1209038838
739708637
488358552
3342361879
2983346058
1038559585
2250355532
4227946043
4238267998
1226263077
2009429312
1902995359
3033370738
1838069033
1507687540
865631555
3634430406
2410081901
1401781480
218807079
1935343194
808434161
3682232988
2438759755
2140183086
1655905205
1363048848
538607535
3837667650
2784581561
2484936132
1139379795
2753249174
2731340285
3405187896
300602679
2293149994
352235137
3514709484
1834989659
4003631614
1655279941
4272542176
1401805759
1977103890
2780225097
946492180
2481136483
3015455078
732043661
2292018568
2556015431
945444858
2944206609
2806125884
572256107
2058468814
3526601429
770473520
510163919
2152249058
2500872409
1752833124
4155915379
1409341238
3665782045
4144341976
119035223
2687169226
823378849
3038447756
165816955
4292550046
1825204325
2586541696
3213582303
3682380722
3532560233
2269215156
332650883
3836096774
3657290925
905227816
2032647015
2234352026
3379291185
3164475356
1464035723
3581653358
2955332085
1540084432
2987886575
3995145346
2197473785
2297785092
1827469971
2829663958
1593206845
1785695352
3452495223
598672490
913205441
950020908
621849755
2653976894
1816252293
947026720
3178099711
2116219218
559800457
1124790356
2012389283
2521235622
948051917
247152328
3095188359
4282153786
1413763409
2906020476
2254107563
399930638
1398044949
4077156208
87008271
2158969378
251714329
3157723556
2853554355
654079606
1610218333
1113376024
3506734487
2997020170
2908134881
4155874764
2524135099
3951731934
2312619685
2611398592
423467039
3929212658
594327977
2087630580
2294773187
663134278
2297887469
437854056
2741042087
3220128986
172904049
2662528284
2297073099
2108295342
914667573
3753798672
95997999
2119909314
1013611577
3706124356
3115886291
2279767574
2974948989
4025830840
3218290103
1617860522
34890497
570646636
3113345243
3184631934
307514821
1508926560
1661094975
2685725842
3456312009
1477758356
316300259
726470630
2971952653
3006681096
3403428807
1420680826
2312231825
1253826492
3162126315
4141771854
4169107285
3793858736
1706757199
562892130
1920970073
3652007652
2858259699
3091420598
3402027421
945890904
2369582551
3027900746
2230302753
2066838284
1844744955
2666359838
1988060389
3715584256
4005826655
338731570
2053708777
245707828
3870511619
1753370502
986865965
2302333096
66485223
3202369562
1427568817
4277738076
43119115
660316142
1544349301
2388018512
2604554351
2561452802
2089315961
3039937924
2391577363
3641113942
3357545661
885542648
1883882999
2855103210
1781570881
1525142956
388191515
3435530174
1260456965
1684245920
3565872255
2934843346
3857097993
3972524756
3638188067
3658374950
1405676621
2672730440
1740100615
1945010618
3529876945
2635244796
3233397803
1728684942
1207227797
1283729904
3762992271
102897826
2311896985
2250023972
2093850931
1058370806
1764091869
1381156760
3825313303
2968554634
3391033953
2899216460
2628134715
960721758
1224819493
14490176
4032743583
3434446194
834911785
1394930036
3252121155
2933472966
3452962669
1285145064
1395145767
1564511066
1275454193
2595258268
3766064715
3251664686
3338622133
1490247312
854073519
2153076290
764715193
1997918916
2410200915
1935064214
295717629
1378390072
2808911415
2888531498
2701334401
4035807980
1778714971
2320346878
1290275397
2567698144
3796352191
3186533138
3813173065
3060025364
2117244003
1238036070
514830989
1011102344
1733276743
3627967738
4030705681
24816188
3478749291
4153940686
133456853
3278627632
1428069583
296641506
1596461529
3334820196
3852856691
850580534
3377937949
1232185560
3180500567
4081467338
3475287201
969727372
1858599803
432847518
1469931877
3877118848
239976671
3338770610
3820789865
2670587572
4000565891
1103851014
1613753773
1836446504
2302032999
