1306709573
3017796320
2252546239
4287280914
1546480457
2107472916
2060597347
3174974054
587396749
1167500936
246913095
22870266
2848273425
2212126268
602776683
3447058126
4205848533
185390896
3984785615
2459924450
3982366169
3910894948
280924531
944449590
4153115165
422649048
3867376215
1180292042
1209741473
2062127500
3237289851
3329199774
2958697829
3267762048
1499145439
2961681586
528721001
1474372276
3393547907
4140352006
3028627885
1390569256
3119521895
2224595610
2852294961
305322204
2565316235
3304088174
2694432501
393259984
418155759
2213565826
191305465
572740612
1075302291
1068765142
3267953981
3148842360
3158215287
1013343594
23352769
2827695148
1519788443
4019546686
1332219013
4071724064
3348642047
2529587794
538013065
2169968980
4213617827
222957990
628096205
1910339528
4109351047
894442554
2657713745
2785518460
2903615659
2285610510
587068949
997052528
1560226063
2721514274
2999691289
3761336996
2225282483
3708274550
164829277
955334168
1338288791
1310902026
2138770145
3422365388
1068184507
3154122206
4090790821
634020032
1023565087
1588529138
2401158825
715612148
1979583171
2141860166
1468749805
3383744616
2898157735
1290495450
3779197809
2231418396
3656630987
1933556142
2628039989
2200716560
1203950895
1406894274
2262026553
502128964
2296937427
3912126230
1081195389
572409528
4028488375
2935421098
3467071489
887581036
1807504859
563581310
2322041541
305692000
3919679807
2829675922
32747465
2558129812
2807263459
13705446
3500098317
3582036232
308549831
2027061114
2966685841
2294687932
487976171
2514787662
1280705621
3470002608
725586255
4081438306
2395437657
3925909476
4218415603
1896851126
2121068189
1549705048
810687191
105577034
3744539937
3337747468
1582401531
3393445150
602481125
1109649920
3246249311
152937266
1909991657
594992436
4289652483
2007425158
3128147501
1685752232
2598953191
3664603418
795321777
520086364
4160759563
3021099246
2497307509
3532463696
494755183
3470650370
904838009
1729212036
2395039763
3046362710
2139926973
551176184
3882445559
1871105002
2237696577
4190428844
452119067
334297278
4112599301
330606240
2090805631
141797586
1007956489
944116692
4086852899
4279463974
3805333837
2579683912
4283742471
119808698
1665454801
1230368252
1882878251
1169216654
4244132501
377455344
4169415055
688642466
1267829913
3418950948
4184143411
732087798
2744714461
4239999128
812370711
2048028042
2038267745
3641184588
690494523
276489310
1456996389
3105010496
2534247839
588480114
569363241
1469028980
4221043523
3858681798
3145622637
3967974120
1018143015
140422234
917737457
2641381532
256691019
1990731822
796479925
4141037456
1515988399
943167298
49802681
1657715652
4125267027
2082770326
3998869501
3508767032
1784757047
693493546
1473250433
73634796
2490990171
2245369854
3319088965
946212832
1355874751
3378848786
1219687497
368800020
2486544739
2941321062
1514442637
669084552
2483132743
1535444474
2012994833
1157034812
3804181867
652233678
4213498069
2746235952
2769101263
650716386
4083801817
2328541796
1120027251
2214667574
127359773
3544261080
944880471
4105773258
2694846881
2944362124
3966693499
3991219102
3806404197
1809235072
2918286815
1607506354
967159145
473012148
1039753091
301072134
2028685997
1795664936
2320671079
4060032922
3647322673
4254199260
2082058123
3930144622
1388511221
557748432
4271844847
321421954
405757945
3060074756
2727084179
1411419350
991518269
2352614008
2168802167
3349426794
3090529985
2718140716
1150317211
1989248830
1925416325
25999648
1987516927
1052630866
3792696969
651824724
2104173987
4173975206
1966773709
689781960
3903502727
825567546
4047054673
417937532
4041488811
145949454
1293659925
1202074992
1360677391
264089634
3499127065
1816504228
3687304883
829080694
2024272221
3644211992
1883499415
25105418
3872977889
932707276
879101115
29536990
1581546661
2075133376
912899615
2996106482
2470039465
110941428
3675454403
2193649222
1358590189
692723048
3155288487
4069454554
968762481
2091176732
3668366283
2115868334
620162613
3272550928
1250326063
586198466
3755283001
1192531524
3103632595
2496121878
1410012285
3948792760
1951767479
1974584746
1490139393
1608826476
3614942939
627093118
2989228997
812163680
1037136447
4223523474
40581321
2686577556
3816350179
45997542
2985483277
2260094472
1435507143
2205453434
289190289
2725035452
1458142699
4201183822
958184789
329346736
1558950479
1193900898
1833255769
4118402276
146119411
723493814
84592541
1205380184
1082285015
1805928266
510135841
2660356364
3444398331
726891038
2671909605
1239322368
2696296031
1319145522
1223438825
3960558132
656726019
4289338758
3790329645
2961821352
1244488167
2773349914
3120352945
2548627548
120862731
3783077358
206904437
2374304592
3193044591
1792022786
69796985
975004548
2641860883
3579464534
1735330493
3352218872
3419548663
2663291114
736359233
189215660
963582747
293803454
2051981829
3325676448
924846719
3550811602
3825515273
4145219796
983490083
879570214
3467469389
1777114952
1928444423
2374184890
1514568657
4274094844
286196267
1262629262
1164446613
1491199984
1757502095
1884063394
2479379865
3953607204
1305192243
2824848118
4211072477
2556970392
1364003863
1047050890
1502439521
1370285644
3278171451
2312601950
3155818789
2007128128
2635525791
2805164914
3036468265
3788443508
3060724803
2414808262
167738733
3389439976
3974439463
3850123610
4234262769
211705244
503438411
60818734
2937948853
1910512784
440518319
772195394
1869297337
4106186948
4097426771
3977775766
3817160957
986517048
1341848631
3993676842
1672244609
2976573676
2528563035
4198022398
23838789
71316704
849535679
3652423954
18644297
3773654548
924654179
890748006
3383371917
1006645384
420452935
3399553786
2392229393
2334623804
1536476779
2323556558
943561173
2829558064
1423655631
1852232162
1314498521
1410199396
1867117427
543892022
3905369117
2217027288
2330197079
3305926090
3934847649
4264115084
1659683195
2089732254
185341797
3862651264
466347743
1871546034
1907078761
1024855220
1563512963
2060401670
3883230125
2130768168
2625184359
3461987482
3811369777
3624207068
2068824203
331750510
4086315253
2707453392
1586876143
4023693186
1272686841
473611780
2709795219
4081125846
1988998973
2644021112
152046711
1322647402
1919625153
2677005868
1536082843
3737232446
3183672965
1807474208
1083833087
1630096466
334659465
1391526740
3442710179
3959262118
3777572557
2788229576
1613347463
4128126522
2959921233
3839806844
2998586027
2271109134
400386069
3560086128
1098476303
1689804066
3879287321
1944968356
1903198131
1250017654
2627783261
72304664
361180311
2328846602
1671093473
2437337292
941938107
2730053598
576222629
3068766912
1293229855
2599346674
1496897705
2468760052
799796419
1200270150
3633154541
414737000
2435408551
3139862490
2426293617
928835612
3143492811
2167370670
4293732149
2370178832
3415086895
1937365698
62544697
2513390404
3382107603
1058359574
248016253
2305904824
1062296759
3965751978
174072321
1660293996
876017627
4267559806
1704230085
3186411360
2974110527
4249241490
382124489
2187190420
824333027
2153683686
2473227533
2445218568
2692750023
185244026
34167441
3911668412
3535867627
1361139534
713520725
3972191152
2396771151
3061917794
3903261785
3498510820
2558479347
501457078
617390237
1378265432
1500945623
1525781578
2533553953
944088588
256715259
3684112158
3628012517
1257059328
2704447327
1553431858
2246327017
3107964724
2183055619
3177273990
2072506413
544019368
1127604967
1193444122
1727395761
2816871772
3127658763
4212919022
980702581
3872450640
3781861231
3157673474
1095191929
2260539524
3501312531
1741998166
3665126333
3617018360
2063527159
837445098
499866689
3369961644
217017371
3628937918
4011866885
4229099680
350546815
2169144018
1138312201
3832806868
3609808675
1501227558
2662202189
669672520
1918024455
1154890938
95167697
3040942076
3085407019
923242126
4135306389
1134054640
3712121743
117519266
484646553
790198052
1756780595
3520118774
3481974493
3874179736
4277292311
1085474698
2533445985
1617279820
4104502843
1181228638
1124069925
1132854592
3362017183
667375730
1374543145
3298985076
3905545539
3818080710
2930021997
1600062696
1792975655
1301136986
141812209
3873469084
2495278411
1892409902
1231406005
2671837584
1617651631
222949698
4005724089
1413752260
1528100435
1153402774
1205115389
2706019128
2220408119
3400759594
3740063361
3733339628
301473883
735042046
2426812741
1735285216
1001964479
7732754
359269961
779311892
1938328419
512915814
20169101
3522360712
2917243719
514924538
2106928913
2792103228
2658031467
3360753102
1106924245
1777534512
216884175
964198114
2385342681
2498045028
2790630515
3716751158
723193117
2078092248
3996794199
2270411466
3050695585
3068596364
879661691
1114400158
3101364325
2180253312
3001698271
2948494258
1469431657
177111476
938295683
23099654
2418244781
3738056232
6529895
3920120218
1465388081
4052490204
2794049931
293534062
318861813
3889584848
1221619695
3925138562
913043961
2745463556
1291870867
3977610966
86380605
1070273656
1671351671
2717633642
3221524673
4046467884
2945520795
4163223870
3227940741
2168390432
906025983
3456678226
1169754249
1436285012
4202694563
3068479654
4181444557
957925064
1802288007
1406878522
1812232529
1508401788
43342763
3560815886
323166485
823328624
1042058255
1898383906
2261123865
1193939364
1436364979
4165779062
96314205
171724056
1334734231
3121851914
2244003297
688498124
1525130939
1860431070
3490737829
662130624
2432991263
3887910642
1897652649
541310708
2210979267
2651383878
2118427373
3891963752
1006953383
1991380186
1977775729
86572316
2350446027
1282756782
3179765813
835777552
3671701551
360122306
2189665337
1511915588
3400797907
3088500246
11126397
1280890296
1628511671
3808649130
1934789377
2384160876
2449098971
2089740414
882963909
180677728
1409102911
2101523602
3473296073
2402145684
2689582051
1236490214
84282893
1184618504
53746631
3751061114
322569105
2901796796
2694619115
1779283022
2962632533
2855811248
3507483727
290248034
2431440217
3408412388
3133996275
425434550
1840413085
3410538072
2335104471
2754797898
3640778785
3826088716
877722363
2869867550
1591741669
2505038080
3539138655
50489906
3099608041
3674356788
547142147
2160891782
390596909
69490856
2516739047
2414546970
3327336625
2666996316
564681227
3505317870
2939653749
779144528
2529640559
2467328770
2101974649
2633026948
946862867
1023624534
1755299005
2687751928
82816503
4178195178
3944138049
2189942188
2775825691
944459710
3818238981
88085920
636341375
3781423058
3952200969
1349055188
3644309539
1044162342
3805451341
599533896
225950727
4246555066
4118138321
3168054524
1959011371
3640716174
2687729045
648196592
1711774863
3173638306
1994516377
3860835364
1512376627
2012593398
2973339613
943869848
1230736919
1357993098
3252238945
1429377100
3437924155
372030302
2072636197
1824367168
687190175
1959740786
2294474281
1342830964
2728973891
2968225478
