2372235145
3110548308
3360949923
2302884774
3520274125
74592712
3533253255
475457082
3359490129
3390766460
32062123
4250537998
2378520597
2862205552
4057389839
2216103202
1764239897
2964327588
2523721651
2951967094
1065794141
1469872152
3247611031
3322155274
2473053409
374276300
3970909627
3865116638
2449237413
601676480
1787727647
1824100850
4070820009
1765046772
1703173315
807951174
2897181165
3557921384
1305531047
4131860442
3345431921
2133923868
2621723851
2911052718
3360495413
1673871120
220432175
1118866114
2208385849
2284419908
3075165651
635369750
1395023229
3755376824
2744437943
3530375850
4146401793
1352024940
3363399643
3999103870
2779802821
2432169824
2381759295
3572037522
204059081
3557036180
1035125475
2689878758
1191470349
1982874376
56593095
117655930
332024465
529760956
1633648363
2681014094
3244254805
257557424
1034502991
1636816994
2726689881
2222537188
3941317619
1912950966
111317149
2007226712
3522301143
2547401802
4240434977
444454412
2672269819
3824076574
1691550693
3490735104
421267295
1712467250
322906857
2457728820
23542019
11471494
177856557
4193665960
2823639783
2951951130
263120817
1491746140
314751243
3625958126
465847669
2709526608
3647999855
1864168962
1897807225
138889348
601242131
357464150
1438864317
2553053688
1672633591
1906775530
3095415873
732805292
3030506523
1694294718
1143745285
2135826592
67525503
3902616274
2771137545
1363815892
1697234723
2887817766
87550797
3263927368
899820295
3330206906
22877393
1826441212
4126540587
241385102
2655237269
3797908720
4202687375
3988775842
4273082009
2319165220
1486014515
3298979830
3763381981
244873880
3017653527
793229194
581845345
3486378828
3490721339
3278884446
3699630629
282668352
180207519
418515058
3275279657
3507532916
562189635
831584710
3903227501
2266510568
3899003687
2483975770
320655857
823435932
3565247819
2927596078
866497461
1847603600
2128664495
1407230274
3196678073
2499696068
2208917075
1760114582
3927083517
4228891448
1635527991
337652010
395429505
3867569644
1025151067
87001598
3936495941
3403254240
2907321279
2809703954
3534550601
3866725140
4076403555
1407723878
179155341
1388586376
1101073223
3590967290
1396055825
255348028
4226598763
3629954510
3937551061
3035248176
144364495
199700194
2280415449
3342292068
2745308275
520802102
1523645725
3585760216
1335209303
3617090250
1467145121
3816767628
3410559611
3827570078
1330577509
3346478720
800307167
949560242
2630922089
2049749428
2585112963
168700166
1695902893
2226611752
106632039
3185113498
3018914865
82855900
1036009867
1608690030
4130431477
4209347280
4256554991
1950059650
2518868473
3549340420
3137655443
938424022
3193176125
1690322040
2771533175
2769845354
2258206913
3462423340
3458434203
3459608894
257058693
4107940640
2583841791
1690003794
1324087433
2295474260
3680532387
2129328294
2510665677
3491362504
1067199367
4041470778
194341201
2749665916
4018391979
3438898446
2901086485
1480208240
2285501455
3745888802
2289365785
2158772644
3495534771
947809910
1147376477
3326704920
3445218711
470310410
760067553
1121048012
489821883
3846937822
1400135333
355106752
3091066911
3091693298
2051461545
588377844
2137083331
291936326
3727069933
1007933288
980177831
2291317978
342582897
297610524
3938411979
1535705262
2309443637
3104842768
2519672879
2473441218
1646957625
2839031876
3995631315
3651171862
3234313853
1803421112
1997835703
1339035562
3084352257
1887148140
335329499
4283340926
1753015749
3197115488
443458623
3013960850
338246345
1838417300
1386230755
1416169446
610270733
600639496
2278788039
307058298
1824191377
136452028
2365263851
4219036750
724442965
3717163184
3650970703
3407578466
2324415833
1004170980
586771699
138235318
2873649565
428203608
2506771927
3352793418
1988022305
453356300
2450221819
2787533854
3207855333
1530071296
345794655
3409779250
1977299945
2701159476
631581187
249186182
4061788461
913148072
4242133991
2407251994
2529956017
3569046108
3082734091
1353881582
1413971573
1507851600
3364663407
3031900930
3437266553
993721732
2169793299
3845977430
531475645
3918071544
1600331255
2139546346
2643178817
2585267628
4209388827
398131134
3965821957
691750304
3201252479
1735827410
1554300169
167715540
3438817315
1000494886
1964803149
1998412104
2995203079
1971714490
4175871441
1496374524
3499267115
3004996494
3954929045
2519327216
2634353807
1923649698
1483790233
3187792932
532773171
3313986806
3720314845
1219461016
1342635543
3863348362
1162226273
3646603340
907345723
1173646174
2832063269
986763840
4111409311
3837392242
3922581033
154675572
555828803
162084550
2133827437
1023703528
98800679
2916352858
3713202929
187348892
3237899851
782200622
4233227445
3465877136
1427011759
458739266
3229923513
4007070404
415799123
839169174
1229316861
4162930744
643690039
3749508650
1777741697
1484112620
2938102107
3602556670
3510673989
1981525728
1466176703
2473532178
2728296265
324239380
4272450659
3688293990
2249935501
860547720
2549550151
2513296634
1918421009
4098941500
4136261739
2200113870
3033725909
323590960
2997941455
3106724834
4234422745
207784292
2331100531
3885812790
1778963997
218521816
3849317975
3264460746
3957572769
722539916
1435423611
603304606
1719794021
2504252288
1238767839
3086880946
1885255785
2969118388
1175822979
1226008070
2745664941
1494788904
1305056359
4275799706
3393201457
2991283420
1656640139
613385838
1745263349
1215262672
1005879535
1250933122
1733765881
1766610948
2563048339
3610751958
3956300093
4035365240
3561291383
1525827946
2404837825
4174690348
2632570267
999132734
2371477637
644962336
4100795647
2328811090
2690023817
2127633748
3689998499
474396070
2510049485
26590152
1348676743
778371130
3679523409
1992435580
2065849515
986499598
2360658453
640586864
987831567
3253233442
3232087065
1815901860
1758089651
633170806
509897821
1607107096
2112167575
3892357898
4237795041
4251495116
2092492731
3748280798
2391824293
2345411776
1127305503
944335858
3821918889
763585524
2831302339
1415107910
3183586285
3555335272
214684839
3721546202
2144571249
123552284
960394955
2713902510
3181742389
950995216
3179202863
94299330
731372857
2413487428
629780435
739635990
4119662461
1811516088
2975354551
489086122
3220038657
141880684
1887701467
2238952830
3605880517
4219224416
3861546303
3772109202
1343013833
2176318100
2568070371
607241446
568301325
3409825032
873172167
982213498
1980734609
3183783100
446341355
3914973518
3114326101
3759721904
2513798479
4028314210
796233305
1657775076
4253752819
1999194806
152191645
2050745176
2175176407
567074378
1235335457
2107736076
2010332155
1469186334
4147705317
2141826560
1365297503
2564556594
1583037673
1410785588
2640780035
4072244358
1807618605
918080936
3140113639
3858255130
1615673777
2275436380
549378827
1434023150
1668200309
1351869008
1508725103
1338331138
3079065465
2277683844
592878611
3353309782
2495350205
1136233464
1171775223
2438639594
3992657473
1419141804
372145691
866983102
2755337477
4135348896
3168542079
1757678802
3959506441
2437421012
2857017635
1524110374
3911523661
3112377928
3677367559
4118873786
3302254289
3868750332
3509789995
3725195406
3252102805
2454210288
1674456463
3875880354
320053401
3042709796
3446942259
320891382
2018662621
3583673496
2566143767
2067288458
3846312801
419140940
1394462779
2880243806
3065762853
303855424
614760863
1291182706
977723177
972267124
3091478339
729117638
2346498157
1254407912
287642919
4069363802
233645041
4032089244
897548107
787696686
4288816565
2170420112
3514833327
1816329026
4116971961
3057893316
913033299
2178167190
933051389
2433142072
1510190903
1657652010
1270782081
3933804524
3123262043
91866110
730012485
1488049120
1220670911
903448594
4000581705
1656845588
3285966179
1736024934
3920421773
900050824
504433991
3666209274
2313122065
1316845372
3677088107
2820501454
1805104341
3455909936
2232096207
2313586914
1975513817
1763819108
2630186611
1893910838
4200902429
723936728
2886610775
1065551050
565751201
2092362380
1524147323
989548446
593031781
610566272
2906421727
131530162
298893673
878287796
3449394051
1171038982
1012768429
424538152
117183847
517084058
1794330161
1052406236
3552600971
1567646574
2021643253
4232926416
611787247
3730302594
258962425
3231583492
1124676755
1899245782
2356195901
2904641144
4129013623
2092963434
1266176705
391974188
3367249563
4195986238
3808778629
2740747552
2585529855
2606121810
296028809
3949204052
3657783715
827749030
1639377357
3907354824
351153543
2765753658
3346053969
2461252732
3032804779
383002382
3173155605
1685518704
432815631
4227798050
2713355545
3277892516
1874789043
1202743414
1569277277
1948223256
3811860375
4193056778
2437253089
2517860300
457423035
2763839198
3545256101
3619801536
459846175
3166656754
3208176553
3632847092
4054265795
3372159558
3682649325
3952370024
3572454823
3322271450
2577381489
2953926428
2546042827
1345370798
4098343477
849473040
2467457583
1766068674
1877550649
2349963844
1835983059
3980357654
2172020861
826871736
1650462647
175221162
2674412801
1753367148
3993983707
1355600510
2164381637
2545706592
19555903
746208914
1339313353
1617948564
554112483
3752755686
3481481229
3162673672
403148231
1337815162
3217573265
2423996860
440283627
963518030
4239888725
1727410864
2186389071
2693717858
558061401
1230559460
2325794547
2395555766
2952797085
3922061400
2795950039
1974872906
103326241
2454803724
1621036283
3358694942
2632052453
2373210880
3748211295
2666460210
1556039145
4223751732
2024606723
2085405062
126233389
1255674536
4080981479
2204686874
4231160497
3248061532
1573055499
3061076462
3644452981
3583756112
2643587695
273120514
3239123065
1037985668
433900819
2369122134
1156472509
4139651320
655400951
1998748906
969836353
2871572396
377147163
2295544254
4223178245
923897760
237829759
3162864082
3812740873
925174996
220271139
3653357862
4048664141
3653034824
3214749191
376443834
4112912337
1695811324
131577387
1596675470
2962677653
649767920
1591430799
450226850
3197790617
3226093092
1907022643
2104321782
1074344413
89754008
2661646359
3189677706
2460089441
3736103500
925540667
3298403678
2521681189
3871087680
2843599519
564514674
1151592489
3007517556
4142606403
1727377606
2662191469
5833704
438998567
842734938
887835889
814932380
1107595339
2138777902
3449183925
3598377104
70630063
379725890
3978775225
994342084
3969055059
676834966
1159238909
381702712
208498743
1846710314
1290469761
3968888044
1849066331
1634525438
2305397829
3265001696
2439239359
1589114130
1177391433
616786452
1385385571
3335544934
3311565965
2849272968
3824094791
1949431546
701110801
1841171516
3117513323
390843598
2667605461
889480496
2410231503
1309947362
2214575065
762639204
3911001971
2329724470
2615445533
2149214936
3010490455
510022090
2297534113
678477708
3945166203
4180995230
366209893
3302565248
1776736991
4163103410
287754857
1414402228
1084327043
3493453830
3208099757
358036776
1106417255
3988562074
