1778421195
2949122222
3054155829
3180096528
1563349039
4082712514
1632664633
1620375620
3180242643
4257250838
563617405
2273529272
101266871
1965856682
3283772161
460415084
942137563
4017070206
2337951173
3812516960
1878543423
1284697234
3295224521
2135084436
1680890851
2427129830
1256875533
1715752968
1989292999
2431377018
1291312017
1470750652
948975595
133983310
3406137173
4142903472
2284915791
3851095394
2590354777
2220570340
2838729971
3978384822
3993817501
3874432600
4268946903
4164426058
2845161505
2074047244
1200263931
1871408158
42296549
1573212416
2260340831
3484328498
869211113
483603508
4077474307
1289768838
1201168685
323539112
2594995175
3927853082
993851569
3538360924
2577920523
2541330414
26404469
1512326480
146036847
732605186
661548665
115328388
140677907
1290075478
510006461
2052476664
2357183991
2632674026
1909890369
3797276076
3417920795
3160672190
1780943877
1538362784
2004935807
4184614866
3796673801
1643506388
540039203
3177996070
1401875533
2153554248
1768805383
237797818
1535878609
3087049980
4073700395
3056051086
1081791893
1330784752
415282319
3894417570
934461337
4274693156
4054032691
1911780598
1919674333
2933966744
725067287
3534654602
885330529
993822796
2889623355
3353441118
2064073509
4012579392
508872863
640908658
4046044713
2941448564
3291311683
288833222
1083574125
78103016
1071528999
3867052890
4163625713
2090762140
764384843
1877899054
2458211509
312565392
3059622063
827545154
1585094841
2529415876
2139012947
3845438614
1306938109
1169592376
2577569335
2095676970
4004059009
100371180
1419446619
938192638
300812869
4267308768
457030847
2792137490
3853412169
2039629844
3146290275
2871586406
2222305933
1263678088
3204822087
3497813242
1063628817
711502396
3077537899
2226526926
645555157
3023692592
2744425679
296510434
2467172825
225661284
3497782643
1670435894
3097312797
1409263832
3670578775
4077141962
2143988897
1446698380
3026058107
1718270622
799236453
1130767232
3527655647
3196033202
2837618793
1230761652
3871984259
573140486
955641261
1401156392
3421256807
2643332762
1132530993
1594303708
2180479627
1751551598
1327629045
407091152
1718364399
2274574722
817173241
3045138436
119745427
3723475926
1582874941
1122242936
900834935
6738282
2893140417
3550642220
1057815963
1632015934
4176431237
1282908192
1802425599
2798935634
2295228809
3143099732
712577187
1092664742
467581133
1885668296
2409223303
2468055098
4207278673
1277292412
45057195
1122488846
2202284565
4142324848
1223476495
2238705442
4139230233
4120198820
1241282995
2033808246
2397099101
3482044952
895862423
3833148170
484869857
3118101196
3962572731
3932635614
3063529381
2075552960
3536255263
2345858034
905560745
2150509556
1864263363
116841798
2398622701
1226663016
1997962407
1787613658
1065121649
3076590108
857710283
4028753326
1571352885
3695923472
1495167279
4054478018
140363065
1213705540
3280984019
2387999510
1040021373
186569400
2834101943
1386439850
1567673345
3632969068
927936987
2008333694
3580544709
122325344
3092524351
2380487058
3320622025
1552335508
2705444067
2794704102
2550791949
3637843208
862598343
1363798906
3488384145
4201411772
2429536491
4294756686
2635612245
681121200
1762209103
2796206690
3975116377
1014000612
2724546035
2855097014
58108573
1522871128
2739877591
1917675082
3730350369
2472232972
535979003
857147678
3861536229
4183553536
2417914207
3245182770
2985239785
688498996
2976596739
2262797446
3772545581
1857295784
3114073319
3904558362
1314791857
49033052
491258635
3059776750
609886069
267922000
246741359
1926813698
2410985337
1955035780
419742739
2376563286
454323645
2007421944
2073331447
3739170794
4091938369
3790875308
698459675
4202046654
2644542725
806531744
2452473215
786011346
3611897353
3529433044
2485307683
1120017446
3073869133
2917295688
1119278343
1179094714
1092177617
1384659452
1578126635
188022926
4197879445
2593165040
2754205071
412927394
1073055897
2806307108
1576423987
766276086
1688125661
1860947096
3435456279
2814433674
3596680033
1342004556
1541732411
1606029406
3566550053
1570160448
3129616799
3532614258
2000865065
1496213108
1106272067
2837674950
216211565
2374502120
1270856999
4082636890
308677617
4276655260
1555081035
2858570798
1232440757
2760524688
1198506415
1314816834
2969168313
2672854980
2881613907
3005495702
1675469821
2713457976
1978160951
1348094762
2719056001
4246659052
1111775835
2831862782
2278589253
135273440
3376127423
2633437202
925102153
3525328148
3076261219
3169561446
2007452557
1489827720
2512368967
3981734394
277633297
2981445436
2796622187
4090525646
1625234645
3725412400
3666787791
3196457186
4194949849
995264100
1089445491
2062995766
1083774749
3309284824
2584139607
3490942154
1463784865
2634068620
3964128379
3482343326
3625605733
2309408896
1112154591
1920501170
540322153
1708942260
4109220739
3036850950
827066029
2933471272
633257319
2779028378
1842624049
2828417500
1301908363
4217858926
3007003637
3410074832
59689455
125529730
2523749369
1844630788
1611095187
369899734
3331922493
3802044024
2687002487
2455019114
3660790465
2001392940
3984019099
2180166462
171622789
277005600
1841149439
729533266
2679960201
1359665748
4281172387
4233132710
395923917
2194983112
1153750407
28349754
1082499921
3040052348
3874624939
2299473678
3612470037
3293528432
746055183
3148258338
1701604633
1037661092
1334913715
1229746294
1705356637
1459670808
861210519
1988460554
4080300001
1738885068
1566236859
567926494
2264512677
2664174016
1469995551
2489901298
2265238441
3830685940
3735246787
834476614
2891394285
468167016
2144992679
1524653786
2196283505
1026891548
2353180619
414171822
2280335925
4116592144
2203193903
1634703810
2857307705
3316539972
1511327955
228554774
830918781
3549321144
1117042615
3490591146
1317745921
3719826028
3615130331
3308116606
3676258245
178957920
3488878143
1839711890
190067913
2220799892
2681683427
674269670
357406733
356112904
2818979271
2124150906
323300753
977471932
3675478507
3660654158
2748250453
1586920112
4196748879
1933469538
207437657
874094820
3457873651
2414694326
3791946653
1567567960
15693783
1716958026
2088733217
3710590220
2069771515
903259678
3077789413
4266040064
1791414879
1805679666
3321048553
2849250868
1397830659
3868379526
474256173
1576229544
3528556007
2924175898
3018017457
973423708
4109112331
2977651182
767907957
3558870864
1190763119
1601897730
2531197049
3418566532
4264228115
824047446
3538339517
1305172216
3849144311
1959199978
4049170241
4255547308
3968726811
4055646654
4038983173
4157069216
2149492351
918225362
3022632713
3780891860
228145699
2815154470
788799053
960244552
1472452103
2673253306
185268177
1579405052
2136268331
913726862
1284917141
4263703536
3822515855
2290971298
3105640857
3813871140
1087177523
2249813750
66427357
1372246424
2870355991
2865178250
90236001
1792160332
1385285947
717663582
2143761701
1230398528
738429599
1801410418
926928937
3416120180
3879161923
3670259910
1599355245
1044138984
3580182055
2066064730
2734961905
1548134812
2748692555
3037344046
1258931893
1489447056
247816879
1155379266
1180512953
3849403588
4035518803
1472706198
418970877
1788189240
1358043191
733943850
4108183937
3830854892
1492233051
3336431870
2169961541
421150944
1316847295
2583002386
343767369
490877460
4239619683
576874598
1660740749
1478212744
742241863
3743448826
3927376401
2115359804
267821675
756995278
2548553173
875867440
3385646799
3738418658
1978246105
1355135844
1810321267
2735787574
1505292317
3981685464
436803671
2400639434
3759701665
3185215372
792042875
1609168030
909464421
1631284608
2341765855
1189442226
1965732457
2666584244
1855302787
1435494406
2479234989
3322051880
2169847399
3702466714
847994673
2704887516
4114586763
1385973870
3321394421
3029565904
3673516783
2497158018
3809060089
3086518788
359632275
2564601302
2986177341
2200771448
2372085879
3761662826
3411583937
3741788716
2296749979
1137889342
53099141
4024560160
1263572735
3935778898
3868162953
760336212
1634071203
2134128550
4017613517
454593992
1035196039
4181303866
2997439569
928586108
154707627
2372570126
2349048853
3523978864
3427206927
2572241186
2365928985
3249645732
1403640755
2652073334
2978907741
692704280
1980254359
2659568906
2665896161
3280215244
2643046843
1954577374
1895674277
1731573440
3115957023
4050832882
1509151913
3104642548
4255926467
3728168774
400180717
1048964712
241270439
774368218
2226702705
1176319004
2238300363
4184973230
3302056757
1489312528
3955864367
313050818
3609483065
681121604
2434677203
1268577558
2352228733
819059896
3808458935
3178036906
654941697
2063163244
682218459
2816145278
746043589
1029624672
3336040255
3152032658
614448585
1187687572
1878044387
3850454758
1387606285
1802673928
3831903943
3907126650
2801915537
1731043004
660269803
1721336654
1865003605
3907510192
1267035983
457577570
2293172313
3143030244
1012180979
1851870390
431381661
1055733080
659798231
2756968522
336229153
2836328972
1775109627
1204437790
106975205
3162849280
649278303
2655480114
4292556521
4013069108
3904578819
1006241414
2312154157
822517672
4106878695
181399322
4224480177
3358742876
815015179
1489647342
2916389237
4137415760
3246537583
3247518210
3438102905
1553130628
3352634899
122188886
3588038589
1287904760
3658090743
782422506
4197505089
2238502060
612255771
1916165822
4085217029
47250592
1364428671
3775950546
149831689
3740060116
2626923299
3163133478
1257551693
1919545416
3096762119
3914967226
1231069393
718496764
1721593643
132889230
3348758677
3389610224
3888650127
133308322
858200729
49627940
2854728755
1262119926
3765465821
2810042008
3593169175
2881581962
1371852129
3686467404
2688719419
4178004574
211627557
40503616
2193681311
3231925362
3240155433
1453412468
3288482115
1981281734
3353956973
1724158184
3972972327
1306997338
973495793
3837312668
318687563
1608912430
658636725
2136477072
475988911
3838893378
2930015161
3106271684
1574195795
2736731030
4248327677
4030930744
985651511
3742885162
1997427329
195135980
2829253723
1646593534
2390848837
2172151264
3137560511
1835526674
230359625
2868389652
2609833827
2878154086
3598089613
2571010440
2457843527
1977650170
1543875345
3750390076
54539115
10564046
1536462549
112202288
2169438159
1117088482
2527947993
2647453796
1633878131
2883504950
2482817309
473675736
1791973719
927434
2857723809
147348620
2368171643
3883372958
3656666213
438571648
3189957599
197550002
939834217
1150897588
1673633155
3553699078
4033099949
3909075496
4004495207
313374106
564561969
2565891036
2297015691
1040524654
391753205
607741648
4238347247
4289185922
2794057209
3818012420
928759443
912339670
2961558589
1955569784
224520567
3121363050
266472641
1524072236
559411355
1994845502
1941812101
982847264
338130943
3022431570
3980788873
2687288404
1629643683
2580280486
863667149
2301645512
2321995655
1236709178
3778082129
580038268
2038642603
536471822
827940117
1880886128
945432591
4000314914
4253155097
3508395428
