1541937369
3461327972
1257147507
3451709238
2272015645
1777087448
3391989079
3592422090
585470881
3852638348
2485418619
1092169118
122763365
2044989056
3041570783
1611905970
1318741865
3636136372
3059755395
3718660358
358524077
482295336
4140895079
749113754
384939057
1296670684
458865035
2122170734
2812385781
736649936
3035289583
347874434
3510278649
1058208516
2211269267
32329430
2513123389
1310596216
4211488119
2913735786
2628270273
3262102316
3891985563
2952169790
3450904453
2717059872
1649755135
3619815762
2664542345
382500948
1747382179
1892618406
399175629
3092106952
3394118535
482183994
3492946257
153741948
1293501355
3546318094
1807173909
3739813744
556463119
3729936930
1487448857
2795280804
413014195
3821569654
3568749405
3134412056
1013568919
1420293642
2079878625
1053633996
2785382075
3520640222
3861812901
854546368
3243042847
1557796594
373852585
3061335796
1520682435
1737928774
3223833325
2859708264
492456871
393762010
2829327985
703497500
1716575691
1337727150
2748287029
2339044368
2396790831
1460031426
4118432825
3751053380
334034643
741772822
402058877
557047224
1029735863
3732645802
756953857
2321739884
701247707
2091364478
2643664325
3271619680
1647942719
1875115154
2856776393
3697696148
1516153827
1424302054
4097652237
1314447368
2164097991
2856251002
1049602961
1765765052
3297282027
3816324174
4004665173
4053156016
2953206863
3107986786
251100505
3634546404
2218124531
3357500854
3612582301
1181202008
4042409431
3532597578
6391841
1759052556
1389814523
978025502
1688614117
3159351552
2569232479
2229776946
3021269993
3242116148
937402883
4288831366
1037250861
1394958504
3393178599
3598276634
339527857
348432988
1229472267
847097838
254260853
2777863504
4205946991
862436098
1885879929
2490324356
2081219347
3630894422
781509821
1133960952
2384926199
743078634
705326401
836199852
2225972507
1219237822
3492797445
1560550816
2115122303
78460882
4042945801
2980674260
3350112291
1656123174
3400645709
3154194760
304686087
294621626
2415097297
237384956
1511525419
2494804878
3958875541
260618736
2833646735
3890555042
1226084249
698496036
301330739
2986444022
3716331485
2246662040
2416375319
1528142986
3261129313
3506837580
2799204155
2578547550
2566394661
3074796096
3977123999
1266453874
2185203241
240025972
3797139011
2903068358
1822480237
3759428072
3049360423
1156160346
4227576561
3406565276
3766478411
369264430
2414486709
1805643408
3098243247
3978323522
742682809
3269681860
1618546515
3721055382
1206196989
3464962104
3046762039
1113099818
3316443009
3322747628
618617179
3544432382
2613500485
2973533920
2250181823
2847781650
3979097929
1272305684
1683416163
1099103846
2573763213
1787216520
1443955783
3455022330
2258468881
1428044348
1242026091
1985096398
700920789
3389027120
3960073423
1300329442
289399257
2665144676
2250128755
414114870
1971588637
848836824
31974999
964382666
339115169
613707148
3997846395
1330301598
3647222117
84980608
2907508959
1675143346
453537897
4075257524
775953027
3070983686
1792064941
1518371624
3625946215
2114526874
1109450033
1241822428
2285357707
696950382
207016693
248661968
3372841199
124801410
1397678841
271626244
2775415699
1402325974
304582973
457482616
3153655415
199614826
1917166017
2487488556
1990282651
464430654
1989679237
1089089568
2325751039
2989846098
1495021961
2687202644
613900451
3632975270
2661386445
53056456
1693787271
2594084922
617466449
3680993148
278385835
1469309454
2925593109
4064111728
2578584847
223674146
2981721113
2106379940
3840854451
3009905526
1838654557
1169447448
1859458711
4177543946
2283951841
1355023052
3043778491
4200026590
3156905893
3337682112
169888031
3241935858
1487901353
71941108
803518147
2766728518
2527257581
195687528
1771687079
3709329882
149702513
3471743516
3702517451
3696620974
2863513909
6938896
1812709679
1167555778
1338479929
1637301572
1865033683
2433485590
2073839485
3272565432
3917760183
3023205546
3793001473
700204396
640909787
1630326142
384014021
3444382048
3688201535
2975099282
789216201
3823784596
1018174691
1326308582
1486671629
1865000200
2534769863
1927084922
2898547857
2118255804
1778915563
1203296590
3221557333
2575279536
303988047
2325727842
3032565337
1257765860
1923585523
2037080758
3556604573
4168989528
1057916631
1692694090
4033114401
2194987020
3363746811
2048334110
394997221
1579582976
1942471007
2531696434
1433728233
397752628
998347523
1038195846
2388085293
2094048680
3799010535
4250264858
2996695473
3607740252
3123204875
3718548718
3509514101
4054235728
569526639
2866145282
3421407097
3696691844
569316371
762153558
2994945469
2670158840
3330004727
2793293802
123328065
1404418732
534115867
587084990
1927894277
1470448288
167712127
2052760786
2838953481
2354212820
551622947
206318630
2241484109
3620140616
2226267399
2448072378
2697010897
1525533180
1385733419
2516652174
3841154709
285679344
4119799183
1755436450
3835123865
3428608292
3012076083
2717549046
4143288541
3291765912
450115351
2288511370
1597819745
671542604
868304955
3989446750
29756453
1810976576
2592307615
1477999218
1805162281
1114240628
3847663427
2301987782
808317037
1999935208
4209184039
3120769114
3782597617
529933468
1021376331
481715246
639262133
3553153936
2868711855
2053870402
2986588601
3853522884
1643921491
4294592918
622621693
3368854840
455059255
2382977834
341135489
527462380
2412292699
543349758
3236516677
556968928
3848072639
545792018
1105313865
1319357716
2238338403
3078994790
601496461
2789312392
101385543
1929871866
3271829777
3467300668
109666667
3517745102
3815501013
3927169072
608439759
2325422306
1266395865
117053028
1808920179
2757026102
1690298141
1645755864
3932563287
2932513994
652961185
3986309772
1131682939
3031459742
3508218469
3515963520
1855156703
3088160178
895121769
3651662772
27528067
3458513670
2590430893
68536360
2872184167
778021786
2008286769
2782120412
3239697291
3368778606
2410679285
3624938704
124525039
932740738
742861817
585262340
328314003
535972054
2175265341
2571052664
4021270391
1444130410
2068253377
3660342572
3796606619
1486537534
1998819717
2872399136
2117010943
4145863506
3008021129
538864212
1586221475
939166374
1906057677
2212059336
861939079
3514017082
365785937
1991840892
35284395
3388686094
3249453845
4125479280
3195876879
332114978
867056921
1074856868
2680388275
934969462
3952901469
3412680472
3590608791
1665961994
3652206561
3234781132
2211918011
1846144734
466258085
2957418944
540518943
2853302514
2365234089
1924083956
2762581955
2481924678
725744877
1823750504
731729319
3047911130
2543349873
2801970972
3809673163
1361302190
875559477
1874642448
2004836911
2778507714
2767773241
2033054276
1525635283
3835004950
3060113533
2847860664
2355890103
702366122
4000253185
287939180
3281965787
182839934
1272451013
3069001312
615865919
2438518418
4155638985
906119060
3766848995
3035273702
3978323981
1506699784
1693550023
2825848954
3680304529
811112892
25930219
2385327694
3321612629
1170016944
612015695
1735620450
661589849
4242616548
2476558067
1399545782
2580239261
963100760
1173276631
1898824522
1238063649
3471093004
3240789243
4179015198
3088328421
1766927104
531636831
1633258546
2360933865
3804212788
581403651
2715081094
2164220717
978315944
4100247015
3945165338
2741181105
2690831452
2131518475
1694460398
2044340341
1276026704
2071390831
3350729986
3327709305
231915396
2622833939
3844343638
4053112509
3549161720
2039781367
1957041386
1611480897
2443710380
537020187
3062124990
893832709
1167746976
1764750975
3262910930
1230472969
93283540
2140637731
2509629734
1420226125
1365293896
855582215
859417530
2515716049
415850236
18689579
1837264270
1989351317
718898160
4135339663
684884642
4043186585
44736036
3416216371
782728950
3180095965
626221464
3798300695
3819845258
2306651233
2233188940
128850235
1964424542
3157787941
2649814080
490527391
1361602418
2396364841
1058630516
266182723
4279617734
2044660077
908647400
3184037415
2853221722
1028916465
1328822684
2974156875
4087234862
116299445
1581627536
3549606575
3777675330
2057765561
1175506116
2080600403
4175283862
2708983037
803613240
2137614391
3786287146
39958913
1760019692
599128923
448133374
1773128773
2558316768
467586751
2647035154
578505033
1141228052
4026648163
2168223846
2792338573
3553643656
1976108615
3977481978
130994705
2370528316
1024389739
4147832014
2578752981
914046256
348270287
992529890
2593879001
1454197604
201957235
1085201974
3844063261
1215054552
2477287511
101575114
3942928033
2427721612
2745298299
1095369886
2121671525
795213184
152949471
750682802
764445289
3707529396
1082915971
4075943942
874573741
1769934120
2148044391
229259418
1202401073
2964774620
3590319243
742414446
3249358069
3617722832
2148711151
1966386050
3961746681
3341294084
3728334227
922928598
1951155005
403549048
2787801207
1547008874
1202484161
3827874348
989458331
918216766
1599277701
819231264
1291970303
1987594322
1029524361
3869597524
637813411
1595819942
549108429
2321358280
1167009415
2436674106
858856529
723429756
832632491
4204174350
899707925
971126384
2676774671
3249953058
1854342681
1042888868
1495018419
1086422390
3737474653
2616353816
2180487319
1670176010
10627297
3740118220
558236091
4243622878
2500755877
1055934144
328403743
3881557490
1126802601
1370007028
3371342019
78210886
235214317
496139880
1935986343
1899166682
3836254577
36357148
2306478283
2116399022
3495310133
694397712
3241607983
1192613570
2232297273
1985521476
3879242195
4141024534
1481832829
625110200
907528375
259788458
3794628097
2427121516
302916571
1238566782
3429927109
3487654752
1289305919
3755033490
2487061961
581844116
1440677603
1450923750
1103626509
1581723400
4203841223
452269434
1515824785
3481480892
2601728747
2262143822
2425782869
1179545520
4145725263
532358242
4144027737
1046373860
4145477619
639589558
3099405469
1495647576
361957591
3345682506
2627093281
2634580492
1289377275
2269795102
3594592229
768593920
2900132703
3024124210
3923838697
1918772020
4249974019
4219213446
2781576237
3684904872
270356199
1877671706
1988903857
3234851164
2817815819
2559461102
2569625973
80381008
390040431
1510883842
4020705657
2028106884
4215240211
3482223702
2076962749
818179576
3077658871
1723982314
3290736705
1001284780
2503120923
3544084158
2806531845
1994624160
2879707007
2903604946
1633423369
1835030996
4090624803
3465782822
3352790861
2026799176
756033287
3313285306
4287131857
2545480700
1973796651
3946302094
819384469
2902452464
3148703631
4168560546
4266191513
478991140
1782187059
671644662
3242672861
4182140568
4139432215
1021870986
3508575585
944019276
849275451
4288109150
1481506341
2638518592
2235186079
111957106
2079762729
1415372916
1911066947
3735684550
3652461165
1827741928
242356007
3843179098
2677419505
2850442908
1303320907
1790582318
3261517749
1528208784
1114395567
4049464642
372132793
872776132
3197018707
2557821846
1291265533
1406381880
4067895607
222754090
