2183973153
1427197964
1163971579
1059213598
158139877
3131997696
2340378975
3385415474
944262377
1770041652
749120259
2622739590
1416897069
576167336
1226499303
76520730
131877297
2588161884
2817551115
39699694
4075210613
832080
3052396911
289841154
3774340985
1054900868
2696555539
3779969622
2738230717
843865080
841772791
1392902122
3582864961
1064186540
1342443035
1256549566
301411589
124336800
1136831871
802774226
1442207241
656009172
785527075
689595430
2657299789
940174920
1323875591
1866487482
4251678417
2258911740
4138513707
1150699662
2933339797
833165040
1587068303
1756269986
4002197657
2799821092
2988423731
456571382
2505337053
2970965144
4245737239
34316682
3218940769
2335925580
3711655995
2257410142
67101733
2901493568
475206047
2117284466
4165201705
1143828084
2517878595
845136838
295880813
2419298024
245736743
460644442
462173169
2445843612
3712028491
3811023918
3458872757
3299265424
2400364975
2182368066
1189417401
3593572292
3865008211
2358411670
1730628605
2372508984
3655876407
46732074
1566681217
1478551532
2022621787
939660286
3696175941
829334496
3577251263
2772359186
3296270409
3580052756
1593011555
3138122598
1140519821
1979481992
1230609735
110443002
2961604881
1700349756
3912595819
1039777742
2678572245
1764610096
694527439
132110562
21562073
2876739172
2080441971
2454264118
1081523997
2087794136
3954884439
1285969098
2925772193
1506196108
830878843
1496031134
3148677733
4010365056
4068149727
2305052082
3286094185
56847284
2314806147
4194759430
1865658029
2290925608
67937639
2718524314
4003618353
1056850396
739373963
1760867182
2518148085
2741380304
3550065135
2558080642
2566947833
425450756
3045901459
3175252182
3976905277
2270436984
2576371575
1259038314
2536202945
3621051692
2611590811
2549218110
3873532293
334056736
3156385279
51090258
1673140873
181789268
464316835
1513669286
1897200077
3138146504
2277948807
3543751994
3962030929
4032793724
996048299
738227982
1212322581
3413625200
4155952655
3326632994
3981677849
646347684
3649737395
3529947254
3702216029
188372760
2389766039
3714074634
3758135265
2918404044
3464579259
1446848222
3333709989
2721487296
1043808799
3734808818
1968567209
1013098740
479641539
2055823942
3412514029
1419981160
1636820391
4086114010
2740897905
3743754012
815994827
50662062
1894765109
227196432
3284466223
397763010
1099576889
3986647620
847409363
3399335958
589330557
3108757432
3110379447
1460468138
892034305
1271534188
1704258267
2851414654
3891128261
1880700512
1220605503
3699347090
771316937
4239507348
2571019747
769708518
2750496781
4034486792
1651514823
3496788090
4069479825
83300796
2842149355
501902926
4008157525
1774650032
701249103
120074082
1022125913
2639177956
251420403
3536820150
2016553885
2528163928
1299406807
2138667850
653505057
3036751116
2154601723
1560407582
4216717029
666444544
1875360351
2971419698
653022697
3295356468
2720832515
2066157958
3296475949
2109137576
2674877927
2873109018
2617340593
4017966172
3342105611
1620615662
3304194165
3025442640
3755246191
50908418
3938592889
2017212292
3246415123
1273249622
933785277
4237353208
3248828407
2450377962
698455873
2168489900
3264241435
3981150654
3585385989
1195270048
190025343
81447378
1568071433
540466388
1273537059
2638487846
2597307981
1065595720
1905638919
963601338
1174216657
3227506428
798049835
1660396942
433516437
2505800688
1608900239
1841248930
3126032793
3574601252
2694212403
3401823990
1632322013
2551470488
3506573335
1043459722
2508000353
3694148172
1401434427
2360997214
1876024613
550562880
929854111
1948458866
853604393
2965169012
2935666755
52428998
951312749
3439842280
1978344999
2757913946
2060082417
759607708
201728075
1894742318
945712821
2298720400
3892857519
2645784642
2129156793
510805188
113674579
408288918
2564990205
1784881720
2056388663
2806898730
2798522753
2239249644
3738964827
557134078
3866469445
3667445984
3558500031
2405254418
1819451721
715471380
3890929251
1336062054
1408273549
292242568
2373426759
2306950906
2830182929
2144984124
169544299
2322078926
2404416981
3749000496
2051262159
3712845282
1875430361
3540697956
1385740147
830674486
641112093
3366271704
22872151
1690935754
2111612577
3502280588
2484340091
1151679646
2053634917
1857942912
2238016223
3673242290
863230569
1452794036
390141059
1504980998
1179502509
1272317224
3712165479
4197707930
570001201
2512475868
1532494987
1665765486
2977242357
3168274896
3701494511
1794466690
675073273
2239861252
3868521875
1194524118
4111407933
1543676792
3966439543
2181903210
519097281
2779853356
649594779
1156716606
2423317125
2875748896
3008724735
3477536850
355246985
289199956
1636129443
742162342
227775181
259003848
3461725831
2078435898
485192785
3768918396
3041201835
1669059598
1435782165
424947312
2569400079
2031292706
2810994201
3699290276
692274099
3192763766
2503224925
564354072
113520791
2122355978
1918009569
2146575564
3461355963
604226526
2975357349
851459776
2314380063
3636893170
48561321
1262231028
4013928643
102997830
1267330541
1130460776
230123175
133477338
3016683889
1714240540
1365911755
2800150446
1450576693
3239158544
4259093295
772705986
1358921529
2460622660
2234229203
800800022
980275581
1789879480
1601200311
1301005994
1145685505
1865115500
1180974043
2546089854
2313576645
2062375776
4182038335
1473772434
1373955529
155038868
3975681763
1515294438
1173936397
584197896
2356158151
198364538
3840671377
3221333692
3981398763
4252158798
3001178709
1412982704
483153743
2756697186
3957207129
1990974948
1758859251
1751356598
3162768541
3696147800
1232576727
1452722250
1159633697
386202124
3464261115
169184030
3940743141
3457665024
3042188127
2699243826
3144965865
1676254004
2335608067
3484307078
3869791277
1021978536
2139612903
1759819546
2458557361
466248028
3397160203
3943137006
2376153461
1190165584
3422364527
3929995778
2742055289
1798040708
1187679763
1764670550
2537473981
1873372664
1541533943
1963563498
152633409
2938559660
706785307
2565187262
3373670149
1248298144
908619647
4233115346
1557882889
2280116692
4270002979
1092738598
3143655245
1959884872
1611054855
1955754170
2196949201
992963580
2927220523
2811036302
763013269
3781288176
2776039311
38004642
117326489
1725057828
2509315123
1728361462
3932560093
1910988440
1907839255
4165745546
142669153
54071116
2698576443
370840158
1028118053
3791950144
3083457439
2793868402
3076653353
3051378804
2137368899
3180608966
4125686381
28317928
3941902119
4165204570
1617724913
1943586460
3805229387
518739502
4248217525
1068799376
121760687
3804669250
164602809
1950808516
3484531283
3402464150
2042756605
2217781048
2852110647
2747706666
2677963393
1927516652
4264387675
127684094
2218794309
1528229344
977291199
3488592402
2958043721
1115369236
1248218979
2280484198
1812604301
1856899464
559521607
828462074
3107967761
2943250748
889494379
4043995598
2342336213
1376819760
325445583
1982804706
53253337
2989619300
1941203059
829494070
2904191261
2611822552
1740849495
2933976778
247041953
4056835212
2443564667
2807224734
4274451557
1338415744
2173946847
2633115570
2431509353
2522895796
2685207939
387280134
2542526637
2599635496
1212000103
3511844250
4290031665
1805151196
4137817483
1909615982
2339788277
3701337808
2951410671
2598736002
2925336057
1396393732
69281427
1809283798
2419553341
25503864
1376375159
3305308266
2048537793
128026412
785012891
3810932030
832854917
775657248
365715455
636906834
109259913
775408724
3303132067
368327846
2520132557
3114785480
3903373191
4252989242
2316508497
3120477820
4247756715
2838180110
3549037845
2005177200
2262372367
592559650
715728665
2651514276
125826227
2129179254
3537962845
1390436632
1406890391
93643274
3926419937
3489987020
757263035
1560174814
3315618469
949871552
1123157023
2003075826
576193961
2594804468
23896515
1668406342
701564653
1374927720
3483559847
1330659546
2460162673
1078546716
2721397195
1392297134
1587561525
2397866000
104348719
3587947458
4216899641
3980973124
140038867
2743908886
3370068605
2162616760
2621448631
67015594
1254895361
4204837996
1748471003
1791188094
2273499589
2232778848
420263999
2443470994
1504997065
2153621908
2721417187
309742566
3089396237
1056893960
238297031
3559709306
934061969
941636540
3275416555
3744409678
1266750293
1660800176
1611692111
1827375458
129235289
2946306788
2503196915
1185649078
1777982877
3502293592
2654986711
3349681482
1823310881
3407662860
1066417915
375203870
1746137317
4257901824
1814330463
1763581490
2246076393
2549878836
4156849667
1776913286
1257794861
2951834792
4184106983
226313242
2071446705
1865119324
3251150347
1906990062
3707007605
132145488
2322187375
2531862274
2600647289
1739563396
1083752211
153958742
1375281341
3684035320
283292151
3422119658
66349377
421605804
2528444699
498320318
2082183173
1625598368
3561050239
3862537170
3827560713
2922170068
1453425699
3836975910
2417293389
670252360
708558855
4037639610
1145860561
1192427772
2204526635
3797311374
2042782101
1706837488
1061953679
4131165346
1686965145
2888335396
2702167347
3220812022
3232035805
2391696280
4012937751
5933194
2833833569
1347806284
3576550203
4071567198
4234268453
1082930752
2909484191
3848206706
365365801
2744634740
391420483
834435782
3644986221
2116836840
2109876263
3877209946
1551019761
3044989852
1906065995
3172676398
2897404085
951679632
4240411823
558748226
2006641849
665824964
1361111891
1945696406
2579846909
718416952
2016510519
3358816810
3620922241
1885529836
3867325787
3140971262
1169069637
48829152
397027519
922099474
538030921
1826956308
2523250787
871115366
474463885
3720662664
352297031
3459604730
1915911185
1142359612
2045914219
1105254094
613281749
285212464
80480463
2726617058
1265917401
2565680484
4015266163
1645416502
1696746013
1166623960
787317335
4209785802
4042946721
217069964
976988027
1362392734
3637112165
3793960832
4144377055
2674332850
1816915049
314362548
878507651
36350470
4075682221
3320090408
1425811559
4150594202
399759665
277053660
233842315
1687112302
3021704949
1387779024
1568249071
4165582210
3143720697
3532192772
506550163
4214224854
1317260605
3353062776
3664548471
3823947114
950508993
1302715436
3286280603
1116623422
1518064773
3965893664
4085727487
3608795730
3351098761
2982592852
1438792867
3881826726
2600256717
162766792
3871326343
672171066
3281962577
3429649276
589181099
3440283150
1378074133
906557552
3503304975
2500094754
111800345
3140164260
2218829235
3828854646
632414301
4008797720
2243342999
1117597450
3609350881
3995848396
4210670523
3509386718
2475445157
63932608
2033542431
2323017714
1672416937
2058029044
1662882499
1651775814
4131135469
3495559272
3075631271
2577386970
3487253361
3178849820
855919307
3611730350
426671413
3340463376
3973569839
3743213762
3499495737
1299941700
3423208403
4128388886
1584694141
1274179256
2144592567
1248157866
3635582977
1042944364
3675184603
4076370302
1891848901
3734087008
3088619839
1508169106
