202416638
1268801861
2048025056
1362963391
27215378
2670898761
2291393300
1163883363
250364262
2205346189
2165833096
468910919
3439552506
678614801
211658044
3542237035
3420704206
1948154581
1169755696
3844852687
974374626
2092964057
2303175780
2575731827
1534388022
163853597
409220056
1984275799
592970442
1589482401
4288321676
3049028219
2245078430
3567859813
4150005376
3831672799
1414249394
91383657
833817012
184035715
3109961990
2377557165
1228357160
149490535
2816381338
2831791153
3309412316
49396107
3509961070
721000949
3881853648
167958511
4143195266
2652019193
3054172932
1583696531
2879737558
2216900669
2023103608
4078843255
3605271658
75512001
409451308
361954459
2427357502
2265489285
460000032
1567441919
670695762
27897993
734298196
1220472739
1753682086
4230148045
1623576264
677782407
1945471802
2383028561
3173116540
1085359019
3256386830
3675212053
2522941296
1111684111
478827042
3514870553
3650394532
2134251699
2843772534
789498717
1632326936
2155992471
1507849738
265317857
3502583244
3751644859
1318106334
2340853413
2825344960
2288314399
152180466
622889385
2272282356
3342583235
2068754502
276810477
3471552360
3346156455
1253070042
2457607793
434537756
1709759947
3665041582
4280780853
1055063056
2079596591
4047392706
441601081
3465316420
109115091
233737750
3729714813
1135336888
3447227831
3216222122
3975557889
1482354796
1868837083
2506076286
787160517
880342112
4115766335
2013002898
1696527049
1767792020
1391897571
2224889830
2962568717
4006666248
1997898695
3111579258
1416080273
2503438268
3491792875
170949710
906647381
2702065840
1763597391
2943884642
3754917209
2207958756
47047923
3319227830
162242973
3839866456
3440002519
2412194122
3963193377
1926300428
2758730491
4009983006
3791533285
700965120
4164640863
3911168562
451734505
171361332
3161956867
1264213894
1714106669
1872584872
207080423
3249625114
1444202673
2092739164
1625309707
4113936366
1115666037
1359664464
2143922287
2241837826
3980410489
4217853316
2258952979
4062383446
3438077117
1578032888
3057587703
3313662698
1105358145
2010080684
3796215067
2573473726
965204997
3330022816
2838115455
3303356370
64124169
3064036052
3628509219
3396235046
1594473549
1417228616
2688623623
3636957626
4257969617
2988324092
2108689451
4083921806
189769109
3070278128
4194174095
2518493346
1911328665
1285174308
2827874611
3887695094
3889870813
476141464
69137943
3494747274
104391265
1392384076
275806011
2255061854
3998225189
482191936
3827701919
1739885938
1092062761
3477504372
2129378883
817974982
1828247405
4102836712
2413399079
3894516570
2513679089
2869170076
270001739
280659758
2604803253
253226640
3586355375
4149765698
18641081
2715509444
2198933331
797101206
3191675645
3774816312
1974593079
2475724330
897902465
2214927084
2591512923
1543225086
3709786693
313820896
1228344511
569750290
1476671305
3368933396
2364466275
3778739814
96502413
4210999944
2083062855
1294431482
1282768913
1897282108
2241843307
218770126
555693013
1769501488
3575770319
3015275490
2451038681
970121572
884358515
2254890038
1474039325
3239065816
234874455
1723027402
2953739425
512519564
1877101435
1946339998
112996709
1653126016
1013256415
940615858
836792425
736067252
3805813379
1925414406
1126743469
1727562536
1245154407
3644923546
871947569
2717693148
3486501515
1547869806
4021211893
2856994768
2116122863
3383251330
2150032121
1730719748
3758455699
3712863190
1618972989
633119096
336655991
354279786
975020481
3392933932
70864283
3697714750
2414876805
2590126112
3854050559
3798822482
468990345
2502128980
1697603747
2957168038
3808004301
2342622152
588063879
3520501818
1118161489
1868529532
1680856235
642507278
2109276693
2310368368
449451279
730660642
2324788249
2424622756
2877737395
1495237494
670016605
3425458712
317527703
3728229130
2080003809
3267101388
1325686715
1460621790
3246559141
476642496
825772319
1299448818
3347550889
3040984052
4236031683
2560683334
1190847469
270660712
1941032103
4031767002
1388595057
2665912860
1011347147
1192097198
1711653173
2481053968
3106128175
3218046146
3567228217
814693700
3250726867
1388579606
2717140861
3313984184
3650897591
1969910954
32283649
3618915692
3419111899
1508167038
138122949
516233568
3471670591
2576116114
1239579593
1357009556
2504531171
1590025446
1962200845
4020348168
3979183303
1645542266
580670609
2319058108
3584039147
1316018510
1734152277
687318448
724991311
1624754786
3852027481
3589274596
1363121651
1461936822
1716877981
1995815768
2066122455
35419722
1010594081
1825363980
2048308219
248453406
4108529125
2879292928
853524831
3676217138
474805481
1085094196
538546947
1771674758
380586541
2034804136
2223525095
3364742426
1417015729
520208220
834687755
2153549038
1686564725
2099165776
118114671
3708676098
2831583097
592382596
2357662739
656771670
2967158205
2577359864
1318311671
532039658
2133972545
2041428652
3714971163
1404449982
1010914565
2703049376
2501318015
445818066
470744585
1900703700
2440632611
1409559590
2045924685
1346303560
1925850375
958570170
1855528657
3739601404
3593510187
3568898190
1682661013
2558467824
2795971983
4141471138
1836013721
3478415652
2854265395
3081929206
1632473309
984374424
4008458007
3718244746
51694433
2315185484
4250486843
3129090142
3072199717
2976468800
4053498271
1414560370
2322634537
3814848116
3790516035
3974990790
2424696941
1806472936
888868135
1027287130
3679312881
3750634652
3430479691
4151206958
2440191413
1463866256
672469423
1688441666
3873159609
2762479556
3834921043
833767830
4218713085
3141838136
993503031
3208731434
3828174977
3177738220
1700833883
2300238846
1648448325
1655352288
141880767
2025857042
213499977
2879114516
235033955
926792550
4029815693
381257608
2351105351
3527377402
3906742545
3399667516
2720096619
1214547918
985918677
1770772528
1834749391
3503497442
743680729
2180126308
2053762675
4060930358
2803361565
3499113944
1451108183
3154287818
583230881
3348251276
621550715
3110627230
1584605797
252270720
1571516895
1816761778
2888989033
4070568884
373033859
1776073478
3535722157
4035823656
2102005095
1771547546
3381397041
3721120220
1756486539
3682827118
3540519925
1401433296
478419439
3654319746
3105827833
1507484932
2921966739
2309638358
805300797
2209818232
2814883703
1061924458
2736720577
4028917036
3487800987
4182950718
4034630021
3836564768
960955903
123001682
3592602249
4111886932
4280537507
4021455526
368320973
3964754120
1366828423
3903563066
2477093713
3937473660
3048367531
2025013006
4043750165
1834865008
2677356047
302230562
1820736793
856228772
3327883955
3178397814
99908957
836853528
3659290519
679776266
763903969
315021260
2104438971
2864836318
2166524069
3854475712
2807015967
373944562
1540529065
61288692
3510740931
1739008582
999947501
1361852776
2511687079
2833477338
1097887857
1459269404
2729115595
2614874798
1334311477
3811886608
613900847
4292127170
2312166969
673575492
226973907
2253228054
1019060349
2352408504
3699640247
3407167914
1850148097
2669779564
3375813339
3818777214
2637172677
3898949216
2009947711
1502664338
1921647817
2197440404
2568850915
2762119654
1769498637
3125176840
453608903
2007435386
2973040017
475044284
3441666539
1961178702
3444820309
3040152240
2643631695
497776482
3091664729
1742287076
3526706931
287530934
2351125405
2548023384
3792095191
3999646538
4121123361
2564599052
3535963387
1842263582
4117505765
2529766144
1053303391
2240908338
3012623849
3954683444
1732215811
2911689094
1767334701
382200488
4135374311
2522771994
2772114097
3361395804
1453614091
3887557102
1832003701
3079053136
3230591599
3656389890
53530745
885702532
1726825747
3202090838
1340970685
2919491832
1638701047
3453883626
937770817
2543849388
1033520923
3342619070
1587465733
1863477152
1414002303
1119097298
472876809
3397870804
1345292835
3175999782
2835279437
2849553224
2165777927
3128011706
3284846545
2093047548
3837079083
2352639374
1441470357
2454815728
127157903
2534048418
3654689177
3852639780
574051123
610238198
2279893469
2076926360
377321495
417740426
2371138657
3339960908
826677563
567197022
3515876645
3278435392
3562330783
761292658
229482537
3222367092
1819648067
1120782534
976685421
178314216
1474334247
222868826
2536244465
4012652956
2698905675
2924888366
3527841461
3250436240
2963976879
2875375682
259982009
3842559172
1587245395
177587862
3620719869
39725624
4286670903
4075169834
842643841
3873424620
1498282843
1668151550
1795673157
3119829216
2666974911
3590229266
1297303881
2164113940
3633956451
3774117990
3536303245
608717960
1541473863
743149306
2376520209
1766024252
950465131
1307763918
1359783381
2515746096
3185192655
1633734114
3681776601
2980399972
2057412467
1852235318
2272772125
2531541720
1606445143
4081445322
1188843169
1252792204
3845778811
637666462
1808671589
1289616768
1479922399
3237380786
73957993
3589564596
3039034499
1856632838
3430477741
905383208
2988478055
685914266
4186124081
3366903516
3717721227
519592046
1694844149
857346512
4113218287
4151094146
3640358137
3726645764
3637632403
2159723990
2191803197
3800411000
3192027255
627932010
3481564097
3659577900
2291265435
3077759038
950733445
1246525984
1746527999
1722828882
3224718217
2610782036
647774883
4141238182
621984461
3537182152
3282511495
2289349178
285809745
2132191612
1161361067
2303630350
3304616981
2438608496
3768866575
2683197730
123667993
287389860
3753126835
2792979830
1495094877
3798623256
3859781783
147119370
3027904737
283487436
2061369787
430476254
1516667301
1416120000
4205513503
865328626
1912710313
3265308148
1435146435
3093391174
2120029677
3792338536
1031589543
1147861978
4001405297
2451751964
2836533451
2833100718
1269707573
2094770960
3461284655
2169362114
3387303737
89171780
4191193555
2022376726
1051392381
3887754424
3861891255
2427719338
3255135745
4272090988
2007376859
42665854
2110294213
3780731744
4294000447
2282308498
1863683529
1336294548
1853292259
640898790
505413901
2663329544
279545543
3391952250
2419173009
2608541372
3333110507
1301123918
4159603285
2512809904
3492986703
3052610658
3889748057
2304140772
2511271923
3285671094
185937053
2543699288
296421591
614666314
2825798433
1191215628
3195164155
3691139870
1939415013
994562048
737444703
3094903090
1891174121
1532371764
2716431619
3878950534
3995302957
2551918504
1916096231
4213374746
3630449585
3368544604
3750524171
4215686894
3967902069
1346536528
3159853935
1279672834
2357139833
2145023108
634877459
2303099990
975433661
3946606072
4287191287
2683953642
4227639361
564552876
315267099
3287707326
815810309
2153483424
4139571071
222920402
2486439945
307780052
610925347
3595281958
2083489613
2974187592
3676841735
750041274
2371907793
3685807100
3107831595
3924806286
1882116245
4101499120
751134607
1185886114
1193339545
3750023972
550634547
4257250294
3953083101
801007256
2329065751
1377862538
888708449
1513920332
3157715515
2354010718
3450207781
2730268992
2622634911
3269743730
1523493161
3042238580
780177731
