2296186455
3735941066
1133026465
1686113676
2936105851
794258078
3788001637
1994806144
853946591
1331644594
1419677801
3494321844
635124355
950803974
2679692717
2802459432
819768423
2053357210
3464166705
1935168732
2469849739
2134851182
4265800437
2358241232
1500158191
790557058
2330788601
66605060
810589075
4292766678
1637331261
4038476152
2021529207
3379069290
3181887937
2701111340
2112384411
4044047934
3557570693
1687146528
4157162751
3222015570
818043273
3831174484
885162147
4185615782
3399067853
998454216
2537702535
55130170
288877137
1166745468
1176958123
915964430
2036146709
3586854000
899888399
726900514
1265079321
3424939684
3965839795
318776182
3088565341
989198872
2833921687
1993532170
2006218465
307208908
3410198459
3976458718
1991159717
73833664
2799266079
2573378546
1449505449
2538167284
547346115
2368310598
3249210349
2547225704
3178687655
1511162330
3714475889
1642215964
80678603
1823118766
1455022389
2982641936
1535959343
31857858
3548755257
4076789060
3140306899
3421809430
3375130493
1075905208
3911804599
2589267114
4254514177
2283267436
312123867
2569629054
913815237
2358425952
4028538175
4224387474
3671104457
2914644628
3590012131
647920870
2327113485
3072541960
1417848007
2888276858
4048450705
570795196
1287076075
2975693134
1428238421
2158839216
2637143375
2369677922
2861524569
120560612
3409622515
3080979126
748526237
1700748120
1279502039
1532433994
3220607265
1711306764
1400230907
526629150
2754563557
121382400
1201725791
4222435122
927667433
5560628
1163703043
750926982
3481233965
3902424488
1366125799
2599453978
4013429169
1939693404
526873355
1217998062
1465585525
1990482512
2425579887
2613348354
3150751609
2875107972
1326593043
2532715094
506682813
1675166712
692123383
1430317034
318502465
2746309292
291313179
1570428094
1956476165
1384833696
3848811903
2708554962
1226645001
2076315604
1665939747
981257254
3721557325
3479213640
3980346631
1003830970
1567309521
3629214204
40353067
709210254
1680834197
2614410992
2411742607
4024464802
1451587737
2519992612
2101068339
1590895094
2109059293
1219886232
455694103
2541390218
787409761
3436350796
1406691387
3853959262
2156538917
547811136
3313277343
3917421170
1368307497
547985012
676450115
515255238
2809532525
1654535912
2768252199
406702170
2788162545
1707721884
4282390347
38470702
2791734709
3429266320
3099472303
1073361730
771873209
2455222212
2420072531
941812118
3471610877
1964918072
17090359
2775317290
806842497
17567724
2792344155
4255087614
3300750149
4156050400
2816871871
3292446738
4125614153
62090516
2432005475
3696647014
3258071949
3984271240
968369479
764551674
399395089
3316543292
2742583659
814819278
1825049813
3095492656
3985976783
913948898
1502202585
2121381476
3332705907
2144174390
966788893
2654592472
4259006295
1987919050
381519265
4094026380
413875323
2671576990
1644120677
837220480
279744991
370685362
1064343913
1300730804
2646551427
2856672006
1741616813
253716520
2960076135
3980020634
3834521137
900164060
10025867
3372227438
706489333
3830303952
3561830895
1908874882
1415924729
1294599428
1660210323
3334138070
2308442685
3442525816
2025117559
1981173354
3341363905
3983017260
1041415835
2021090110
2635575685
4250596640
1205347839
3077798738
2607866505
986581588
1396109731
4083886758
1981039053
3132291272
1378698631
1017005370
582456145
2270999676
2888402347
2474630926
1965742869
2817749360
3605943823
2219461666
4259077401
86549412
2880871091
3520274550
782015837
1596653336
479819671
2208247818
161636321
3369760716
774787259
3946221278
3738085541
1547452864
1500563999
1958252786
3677404073
472830196
3118778307
1454361158
1858739437
928897384
2885316007
1965428442
3432157297
544624412
3216121803
200831662
146545205
798647824
595624495
4100671938
2570518073
3239416388
3950147795
2583570454
1014349949
89163704
3633391543
4068467114
2322670849
4127537772
2223370971
224561790
3018600389
615702112
360611391
240088722
871900361
1448208276
3729829347
2801482214
2008582157
541592072
2396956103
1681500282
3227983249
4204542396
3636120043
1649530446
3281512789
2070588080
2886450767
1016207202
3451727705
2946027748
1890608883
1277427638
1793815453
3301531736
3752060887
2317378378
3655170593
2022722828
1621206267
2833471006
3443017445
15125248
269042271
950021170
1057955305
1642024500
3506611203
3946150278
1520927533
1687784104
266464743
1262555674
3229432497
2742449244
415990795
2054425070
2827372661
1603026768
647498351
3408311554
2797006969
324689796
2381866259
1227663190
365278909
4139616504
2832840695
2246620394
1815043905
3894652844
1711892251
1000403390
4286246405
1862272928
2702775935
2618470866
4189955849
3414099156
2793581091
1581680934
2237599309
1199201096
2282505735
3752086458
1931274193
1017970428
627854891
3964079502
3729733525
2217157616
221079183
43066018
2473345433
1124220452
2580706099
637542134
1020037597
1213530520
4013594647
2504054410
2578371681
1885823564
3158653243
4152581470
1132209445
3240531008
3837131423
3574531954
3310075945
869862260
2002305091
1863739590
161950061
1611824104
2489691687
1254839642
1653482737
2078792092
673523787
62054702
2948249269
1701009552
2647904943
960061506
1730486969
2839047364
4005990739
2877712022
2210917629
3132607032
2983102519
3683698730
2661538177
3506660588
249371483
3262290174
3053710405
495087840
3135762111
1945971986
1728145737
1335190036
1611458147
3230472294
2638730381
2575953032
368453191
706621178
4246270481
2865693756
3464368747
3231679694
2341520853
1399381296
3667087055
3112660450
1495897049
3299142500
3948724083
3601301046
847241245
2735596248
865962071
4030761418
2606132897
1570748300
2371423611
911647902
2547663717
2117836160
3350655711
4249166514
136749673
3881568436
2166824067
697473030
2584285101
856206632
835038823
2399459482
2500153137
2802482908
1241451659
3606378606
77161717
1918874064
2306071279
3252898690
79795449
670022148
4061986195
3628819926
884761405
2860469112
4222589047
3736607594
2483983297
4259600940
3946909595
2702671934
1304898181
2977569312
1932199679
3914262610
906193801
3621060436
4281295523
3037652902
4256357069
3216424392
1356613255
4276572730
1620786257
3795995004
1345328811
2929409038
3516699669
3127891568
880637711
2226452770
1765090841
2042681508
1770998707
358227318
440759901
3459515416
3574380695
643792138
1897154785
762924236
1612521915
77409246
1620222373
1499850432
3914083103
2760015346
3789538473
296240628
44939459
2716469062
1779250669
649862760
541191847
1932368858
2049096049
1646158876
446247115
1668960174
3445773109
4156640016
699933487
677672642
3922478905
1958758212
3158026707
649831702
383981949
1599343800
3468486839
3130961578
4272918017
4228288364
2809480155
382707582
2097457349
3961979744
438460223
2403853202
1627631049
2575162516
3089768163
1661728486
618668301
2738933512
2432607943
1497347450
3756246673
3225865916
1724013291
3313120078
4138902101
3397128112
2066472783
3344548962
1305409625
3885368804
1487542259
3646422198
39668893
50816344
1002973399
48083018
3978847009
221520396
13727227
1100411678
1944403941
3018158080
3115688799
4261878066
1823942377
2281554740
1345099011
2673653382
401841197
3295465384
3625610983
2458230554
1948672945
711166300
1983091979
1484973806
1884651893
2798134352
4276136815
1878843906
3229956473
3035239556
2976028179
773268566
1484525501
2994081272
3006691575
3666117098
3502688321
2561279148
800700443
2732265150
972842757
3469290656
1074657151
958930642
574763017
164624852
4282194723
834946598
3507464013
1835540552
1855801095
1952929978
4247949521
1646040060
242540331
1417439886
2165502101
3570239728
1323206543
615894946
3510045337
3546575652
1022174259
1507924982
956785373
3133671064
269474071
2432377738
567459169
1779447628
2075527739
209975902
3893501477
788150592
3912457119
2098394226
49072425
1604092020
4259557699
690660806
2180792941
3579494632
294596391
3360481882
626019825
3172593308
2030975307
2773401134
2477977525
1890860432
3375199151
3689712962
1932291001
1303192004
1976681043
3315458966
1741112829
3173338936
1901873463
3920205098
1016349313
3775838700
2957929563
75085310
3136185669
2594215392
3039678399
4197423634
4093571657
3725285140
2292733795
3363296614
8482189
2272047496
3254265671
3416144890
2059901713
620992828
2206704491
3940671950
922582741
1789149744
2413129679
2148080354
4255997145
1114382436
3667423347
238385974
1283701021
2931156952
975423831
469227210
1632851873
4048391308
487251579
3299099038
324615269
2883863168
1745179615
3571847090
1052814185
3989077428
3759345027
2257835270
3328649389
1657139752
3303026535
801334682
1876981809
394367964
2137595275
2031998318
498769397
2261096144
2296282095
4017322114
738319865
3830017796
3989384851
76538582
4077173821
3634483320
292444535
3545098346
3025665217
578072364
2507366555
988519742
1981457285
3505209120
2311186431
631133522
2423911561
191886420
1219220387
241607846
4051006413
2593030856
2739881863
438591290
1524819281
2788941436
1111140267
1474992398
515001621
1564490608
1582340111
4237534754
494006041
2045578660
904658099
2912230006
185749341
3624995096
3796105623
789826058
1038758369
2418811340
1896870587
154650846
2348456613
1273203648
1718324255
4173359858
4201827753
3350575860
184199619
1054360646
1131695853
3052299112
709717927
606677210
1981211249
1994029340
629424587
1127230638
883723317
1513893904
2117321775
1842455490
1430622265
1576991812
1032379091
1110254102
3899945597
2653655480
3685525943
3266411434
3931240193
3927696492
2338886875
2238760062
566305221
854534240
235552831
1320439954
4059248329
3342717332
1938264035
718320614
573291021
2416808968
1793238983
1530511994
3754192785
3271910332
114158571
2866188366
2121358165
3185669296
445644879
4254429538
3133456729
4280761060
2468858099
792721846
2196972957
1880713816
1890609623
2509176138
2312588321
1944844044
1141196539
3112079390
674642149
1882723584
1420166239
467797554
1346580457
3266328628
3537536515
423097222
2539894061
1477711016
3122065383
1086204954
2587069617
1482989148
1201645067
2999305198
1053342325
2623015248
695028847
1514606338
2570551929
3758999940
3377514259
364224854
1985374397
3875705592
1482111479
588533482
3502387521
88365484
2121140507
1665739710
3022118917
3253096864
3527858303
1219595218
1386920201
2260004564
2105248803
2230715174
1357135949
2435441992
2968668167
3390989754
2343320017
2560633084
3447812139
853919630
3699026325
3720867312
1691592847
642677922
2682639257
2539300900
1988875571
3396737270
40254429
4027517848
2376669719
1521053834
1465558625
164432972
2720717627
4105738078
4266399525
3122781760
3807689887
2978668914
2591150633
4092851572
3421676099
485679814
2692045677
309790184
746369063
1623355226
2121692913
2036335516
33245771
3072236334
3796838581
1046028944
1254823087
4162042434
3793204409
3484800708
895546195
1449746582
183148285
3429291064
1336805943
2679530026
2582162305
2167279340
2596519259
2478101246
1669127749
3205675744
