1214136000
2532877087
3860108786
3285908649
465182196
3114643651
4048658246
2430594541
213874280
3145557671
3204625370
2474963313
1181432860
1754278091
4157925294
1183583029
3056575248
1684183855
3336343234
662011705
2057838404
2165416403
2657697046
759419261
59598008
2528534711
1689258
3917465089
1458136940
3205118939
3694149502
3615252677
797662048
424335167
1545993106
2648368585
3904615572
2052986595
746557158
1179572493
1798317832
2906005191
2581646714
2946629265
2403313340
662000363
358665038
3187169877
2824234928
1448236879
4095597666
223621209
766107108
3887861747
2115081398
710542493
3022830936
3015549143
2686765130
2505349921
2915236364
706899451
3582167838
326694885
2713044992
1750735711
472985906
308961001
3530005300
1536986371
148655750
570315821
2219321256
2471356135
1307752218
3359677361
1510498652
2812448011
1240825582
867645813
2047769680
1484989295
1896675842
2414244217
1898572932
3367013907
2782706774
1361853
109536760
2032660727
3583482346
2219769921
1961155756
3905335323
1800644286
1286348549
3171255456
4230901631
1855862482
1053911049
90558932
2447971107
1632624166
2981519181
992966728
3872177927
815820986
2745747665
1752001532
2929710891
3447390862
4002457749
1937760496
83689359
1074915234
1047806617
1003506468
2591497267
1253225462
3460045533
1204117144
3254604055
4024056714
783742305
2012680012
1115619899
1871221342
2615006757
1940033856
282055583
2413104242
2757230889
3260962932
1439410499
1153580486
658438765
3339589864
1689954087
189921882
3961685489
269928092
2247438667
2346276398
1498195893
2966590864
3116886959
1469359426
205890489
2554657220
3617045075
3581639574
1486355965
420390712
2907029815
2991893802
4040456833
379687404
47408219
1745505790
1037442373
2343890400
2789623743
2956833298
675686985
1576611604
3821817699
4128992614
1482696077
3003910536
236953415
460280826
804639505
984379708
4213873515
620263886
45299413
573479472
2565597135
2717725410
1352832217
2771384420
4271532147
3810464566
116420893
1871396824
2651406679
1416556234
183472033
1150051468
2035013243
2395003294
2472342629
2674170496
2157562847
4097845170
333701993
1088312756
2087912835
3963841798
3202474157
3729869352
671328103
308313498
3781865521
1708551132
1606948235
3972033902
2643219957
2344349392
2289103855
4256403586
3335722489
2503558916
2449942163
1149598422
3842864189
2489526392
995086711
2173763690
2706388161
2304739116
2037405851
3516151102
557472645
484022048
668098559
1950641490
343485577
3887451220
1682426787
3525459110
2022452173
2080758472
997113735
361592634
1456020817
2738665084
2304090027
3944296718
10487061
2242024304
845090831
1025490466
2384406297
2936595876
409334963
4271288950
2729903965
616456472
1881239959
1495458314
3158206945
12777932
1523116731
3530318046
2419479205
1178330048
3891790879
1018331890
994969001
3811021556
3822232003
2258623558
1193740013
324123496
359196583
3193848026
3394837105
2559004956
3512416715
3689596078
649479221
2081064976
79576111
648657858
701417529
1296487492
473879251
1245362710
2478123645
298117560
1803952567
1854706602
1208102657
1516158060
4175269083
3878771838
2904086981
833847392
3507664959
1307732114
4255805129
3621497236
1201375203
480529382
2423943693
2136796168
3338280903
440064634
1516414865
2136882108
358671339
790440014
781652821
2937834672
831944783
1958316386
2167011673
3734704868
739885299
2488897974
2949635485
2694759000
2693128663
3375764810
350454817
3654995724
3006676731
432744478
1755967717
3379064064
3073014879
2624331314
886466537
2121928756
3760881155
3675753350
1582198061
4014959784
2771019751
2861253658
153994417
627668572
3069091339
144202734
1527411317
855531856
2934948975
3585550082
3749231225
3853361540
3665739539
2111519062
2463047869
1785981688
3324555767
3834078954
3609880897
1457467820
1834680603
673301438
3618740229
3414337952
843534463
277324754
505016585
2745878228
34047011
1021418278
1584068685
3864083784
1224851463
1689746874
3171054033
3964731644
2609670187
1078222734
316170645
4024059376
919740559
3960116386
4093840281
4180049956
3187002675
3685200118
2088432605
1550607256
3614872087
2951252106
656334433
1024713804
2396246843
2216505182
855101221
3391764032
2658219167
2259482994
1522338345
672517492
96115267
4041898694
3801617261
998923752
2408065063
2988935002
1076408049
3384597404
750928459
1644770094
3771261109
2715253392
1195740335
1310446146
3524324537
3282939588
1896278867
3064395926
1352357629
3081776184
326599223
2395044394
2164843393
2350966508
52999515
1403349758
3611596357
730272480
464529599
3477348114
4027036489
6497300
1204535395
3659147878
3768434317
438488712
2579865671
1883463930
1088977937
1196754492
1477979243
2916013774
1940123605
3642621744
575801551
2253578210
4041891289
65744228
2453281139
1270943798
2532854301
291980504
4248011351
1484405706
1160804513
3618519436
971089787
1889695390
1163914597
700530560
2383162591
2931102898
1195502697
893045428
683865731
257468934
4064541101
21139240
3435276391
4034071194
1367988529
2193719516
2400593547
394087022
2654047989
4191540176
3456079087
320322946
735534841
2357656580
3289864083
199096278
2069482813
1387900280
1538429559
1484442986
3084754369
1197726764
646359451
1761366590
571593861
3540040736
2643280127
3714570834
766752137
3812933972
220740771
3683514790
1431487693
3289489352
3515203719
4162749498
3897869905
766135164
3343134891
1190956558
1463402005
1009186928
341192975
1725066018
3256872985
1143544484
2904991155
2615521142
3448234077
3100599832
972862103
1311452938
22565601
2531905228
1084210107
2124086750
908217253
158173376
3057345823
130314226
3567586985
992544756
1568903875
3181517126
3952222189
2310537320
2501404839
3232615898
1603355505
2377606684
2049592011
2553586094
3112467765
2889444624
2203966767
3890931906
1460408633
628721988
4159701971
3569366806
21660541
3570429624
3877233335
1827889322
770217985
367530348
2209668571
2808510846
1851347653
2200937824
136223039
3459437970
3512596425
2173673108
2254239971
1753024742
986319629
3445469448
1216487623
4152944506
4119285905
2089865404
2773513451
453870926
64605269
708129200
1830721871
4039718498
4058235481
1059080164
1392210419
3277164214
778679965
2347026264
4128383703
1547395658
769027361
2819007500
1867386875
2370225438
3682527717
3396276736
2269044063
3306883890
489058537
253789492
4164710147
3272001670
1824687661
1579856296
1623910631
3189231898
3430870449
1742637916
3393105675
2473539822
2567023477
1782728272
3886048623
3486864386
4260299641
3016054404
1892741139
2827859542
279804349
389312504
1038971639
929772522
3580482113
3303900844
116609563
2384715966
2992312581
1028902560
3953406335
1961169106
356940297
1350810580
665449763
3894892582
1329828173
1598489160
2533015815
2848099002
3938458321
1363711484
4001167659
2034351246
4291041941
4102597360
3437969807
3346481570
1249236121
3121657124
133725747
4182814198
131976413
65497240
3652440855
2380977546
3706373985
2017769804
3526140987
3152399454
1270204453
235264832
2975241631
1509484146
2063995689
3328262772
2368572227
650557382
1410673773
1205510888
3893995815
3287356506
982702065
3463901340
2610123595
4167897134
3806927285
623927184
3137809839
236388162
180368825
2628412356
3539606611
1585870230
398635005
858108216
678249271
1663190826
3768667265
1639201772
3699508827
3698624510
609685317
1118648288
408816063
3837692946
1940733001
90249492
2773430627
30205798
2432653197
3809317768
2502926663
2316004858
2319394065
152148796
3741957483
4040766414
288925909
744580144
335292879
3457977570
3591775961
3124388452
2422065779
3038186806
3894682397
3658959320
3441541975
779716810
1624596897
3034844812
3044767867
1773671326
3708216933
3044140160
616730079
2040398258
2290349417
3056287668
4036421507
807528198
3217691309
1342690344
591702375
3984168858
2349662769
3200292316
1248343947
4134414190
2105198581
239319248
4258412015
636480130
2814355449
2238230788
44796051
233469142
3301582397
2179215992
2933478263
3680017002
3251570369
964440364
1889598107
2442686270
982338949
343662880
2659983871
1895778130
2798796425
2506602068
4086082979
2628630182
1044209101
32597192
1533067655
1403228474
3594809169
1093394556
4080452011
1360259854
1048016661
2734644592
1653690895
670636066
3741628697
2229096356
4033566387
2917706870
2642196829
129264408
4170970007
3374808074
1272331233
1260692428
2776272059
905812702
632439973
3790810560
297977375
390749426
534779817
1941863668
918062019
1717065286
237058285
3220325736
1250683303
2515622618
3811404913
1979415324
1929206731
4239556270
2398533173
2528924176
4030823983
3667924418
1059936825
1396719172
606418131
234468374
100916349
2628776888
426877879
3410898346
724762881
3649398380
1871720155
3973027454
2872953797
1946143328
3463346751
2900837010
2834661577
903320468
1185049059
3758736870
3577586701
2771547656
1104028103
30078074
286259601
3604440508
3879994859
2838618702
3451946325
1772263088
418036303
944563042
4018244441
2671344868
1818305267
3674573750
908562333
3321810008
3294782423
691318602
1882019361
1749448972
1852432635
4294337054
4227326693
4106860288
3902226015
1715337266
1532656105
3562732084
3016908803
2427061638
3713703725
551155368
3593431527
1486380570
2721322673
1902616668
4052926475
3128563182
2107434101
1876568912
311756399
795312386
2068401273
728828804
2611421459
4126421846
162517693
1556673784
4034278391
2655191274
252525377
252697516
3314524955
1834614206
1822984709
1652093856
944050815
1807121874
3025601289
1542500564
315647523
857806118
339749453
4128294728
3770139143
3485571002
3168912337
3881052924
3077671467
1215502734
1163121557
3515551728
3611845263
2723671714
3519847833
3465472548
2290036531
1940761334
6596061
2385931672
3635745815
1507926666
3759845473
2039057996
478770491
3873597790
1981268261
2402648128
1501558431
3652768626
2503154729
3980441460
4230249539
3059152070
196494701
1006561256
2121214503
279880026
1801519345
1850017180
3798492235
520416558
4021113525
2329756816
621596335
1736846402
1179877049
1933252804
225529171
2635723414
1041107197
3681498680
4230415415
4285994026
2677912961
3881537772
2665437019
3531056382
3037562949
556227808
2890918591
3232561426
1127662921
3170045460
207004259
1026794598
4186239117
1573673096
274571847
952597242
2616839697
3487707196
2684309099
3189215438
1802592725
1811466544
2112506575
1230649826
2418405337
404592484
151354227
4011919926
2322856989
429608664
500434007
2792150474
3990768289
741204876
4229515643
1241624734
3931234149
2457241984
1421668063
620424882
1739193961
330282164
3824081027
513745926
3077843885
446765352
998976103
3648267418
552872753
1775479516
2713602187
1502807150
3412590837
419798480
669570799
104601474
3398168825
3487458820
1573108115
447410646
1365147453
1910683512
1153700983
3660212074
1327787969
2947057196
1740589979
459836478
4205627013
827000352
986645247
4278891602
265602953
1310632788
661986979
3850466214
3276535501
