1772497098
3386474913
3470372492
2226428027
3529421726
826082917
2901509248
805154271
3126763954
839652713
2933186484
3337881475
1302103814
3133420205
3615192104
3051604327
3863885722
2258182705
1822307804
208230283
1664927598
4156090357
606820560
72701423
3646458498
332384249
2398769412
617654419
3029144790
2798405181
4106211960
2780853111
2614442602
3487770305
356634924
4150925979
2895056702
2094230917
2194374944
2455192063
3775915858
2540330633
2313246292
1937362339
3061339814
3913776589
3660907720
3901743495
1707618618
4192243537
1691975804
2429018539
1144163086
1791334165
599194992
3047453199
514963490
2518997273
3191795620
1612740275
2765835382
1938741597
1063258904
3457356695
921967626
117070817
1354384332
735292603
2873375454
3725092005
2937245120
3055412767
3735747826
1602762665
3423083764
2822087619
611513926
4047198445
3506824552
2588608935
3915774682
937004145
2004425500
874413003
505487022
4115977781
1782837776
1474600495
1017689538
1230862905
611442244
694834387
4248589334
1478884477
2167116728
2507719607
241880490
2607227137
1894450796
1031360219
1684420222
1638132677
2280614496
3948517951
4086817426
1068343497
1508979604
4054813155
3933496806
2020066317
3608548872
471679431
3197080698
2664176017
505742780
334833131
2700116558
4130252117
2012886704
1562237519
765821794
1421978457
1882922212
1328956147
1788357558
2354687901
1061842008
2935587799
1772179274
2641458721
4185659660
3420651771
568132126
946733797
931747584
1175608927
1413388338
1361222121
742693428
3765403651
2405737862
3365191469
1536005800
51284455
2796355098
1895839409
1720008796
3520323595
814265838
4028302453
2701249360
4216858223
3759153410
1134128249
1682090884
2752266515
3453408086
3958502077
1390712056
295523319
67084522
23157569
34962348
4204315419
3784351166
3073288709
3154678688
2656055935
688332242
288301833
1336561876
150832675
3458970918
3481946701
563373896
673636871
3609606074
3569214417
4064398076
2470619691
3838949774
2313286549
226668528
748389007
911249058
86818201
3610282532
4269035315
1004554998
4139173341
3911323032
4167840791
216908426
2675888225
912207436
1898091835
1432947038
1454235941
3885310016
2417694367
2388226930
1629174825
3838465908
65117251
2511443142
521168237
1079150568
2825800231
4184031578
3561824497
4144145820
29983819
2310245678
2387309237
3114591376
2934959791
114216002
3972243129
3014441156
955673939
4254896790
3497011453
2200622648
3798869047
668185642
873584001
3590402284
1527281499
3813557502
3014895685
1616313568
2071661247
2493356306
2251220297
541896212
1839448675
148784230
3975090317
586152072
3840721479
718019322
1576398353
1047515196
1257270891
2669031630
3961487829
1972398384
73231055
468900322
2980450265
4166989668
840604531
2415110710
1088822301
4129746648
2460689495
1813607882
1600285345
3030614924
1741842811
2770882718
2399666021
2692098432
2222460639
1077644978
699539049
1255756980
3872127107
2124006406
317606829
2291448104
2192198247
4241015962
1140869937
640764636
541026443
1491182702
3055952117
3849141712
1928066799
874821506
1864110329
3085960708
3429423507
2748158422
3017842493
1799247736
271266935
1697056618
2780336065
971908652
3406326683
1759456318
3446859397
4128941600
2467963647
2308658258
1491920777
3239594836
333594275
2177635238
248911565
2221459912
1789846151
1958821434
1018443857
2683245948
3074323115
2667440142
589778965
2170774128
77828879
30172450
2758648345
419898532
3999868851
504514934
958902877
1603866648
2784384151
308570378
1868317921
1636374732
1009941947
2958743518
2008833445
2204922560
1399408415
1562700274
2233942185
4088500724
2641269955
3512546118
40792557
2106862184
3389164199
203261914
3797529969
827404316
3379924171
223542190
2380992309
2509952784
2274115375
726786754
887276345
1447859012
2191754707
397005078
2223199613
2757695672
3809772727
3879312042
144017921
3139197804
4141391835
2978173822
3131860165
1049857888
896367423
2604683154
2208901577
1733109908
804846307
1614095078
3011468557
792648456
296567495
2957353338
3006841489
4093614780
2490152683
4090027854
1966693973
1111202736
2376989519
1260204130
1740862553
3194507748
2006971379
3715901622
3988490397
1589145944
2592982231
3406732362
2712428321
1783623180
3129135611
1447075614
3876256741
4055366656
1831780191
408257842
2377818857
3029536564
2080993539
1429987974
2345719853
2828065704
4139191015
3265366810
295264177
2510443868
3651924235
1447531246
2077900149
2070786128
1829816175
4019604994
3898062201
3020054660
3219550739
4033957974
1889029053
130882040
3815380215
424373738
1323877441
650891436
3401126939
1014676158
1906320133
989968544
4071953279
2630650578
1084468233
2284537300
908588835
190411302
2569724749
1286745160
1915216647
412697786
1136889041
1474387964
3736812331
3971421838
1754639509
156833008
1069327247
2602908578
3320284825
2915221284
1375666227
91310070
2900467421
1824854680
414283031
2706902922
143833441
1010303820
4009977403
3055134302
4080261669
2358822208
2181592991
3842859122
2645312809
2730347636
383552835
292934086
2371190381
3536506088
3238513447
4220833370
1946110449
275036828
1830982987
587164206
640920501
2284177808
3820588975
3291609410
1941628857
911306180
678534739
90443670
3865018877
2932366136
3647726903
2795274538
2868002433
2319222252
1927923803
3372573182
680403269
749019616
2603674559
2709521938
169635401
3639780116
3668915043
712573286
3189287309
1174584712
1683931975
687613946
2962528017
685008188
3530162027
419990990
3279698645
1744555568
4212100047
3575940834
3373914329
3965086820
1103514739
221357878
81392925
1124004824
144794967
3766534858
4132393889
2223069324
636762747
791014814
4067883109
894357120
2184605663
1988918194
1329342313
326224308
1109911939
1296761094
624714925
92405288
557108071
3526840730
3955979313
2664980444
3759765899
2730131822
1933007349
3976405712
3955660783
744809602
21780985
2189015812
2693073555
1841434326
2484664381
4069579896
3445224823
2053952618
2398222529
850295596
1537916059
1449347390
1438015365
2495466272
1059128319
4238000466
2589159561
1323515988
298758051
2765344934
1619570637
3295710920
9560967
2628668218
4226539857
68725372
3954770859
1207780622
2351761685
795068272
3756438543
475730466
3147459353
3210959268
1261820083
2885502582
3286535005
3668317464
2459800983
331920906
4246875617
812379596
3952430779
1621456094
2064930469
219813824
2650318879
3222460146
2091534761
2616133364
304842179
2415620166
2982513389
2314628968
1333660583
2714309850
2604523121
2117944604
3469778379
1152964782
2300921909
457554960
3312967727
3949924290
4216065081
2109425732
1281406675
2160807446
1745137277
1818664376
125060535
3220989866
2905076481
2908860524
826011867
601124990
2941836741
881570912
784686143
1096596626
3951604425
524098964
264661987
2712264678
4273665549
2973474824
2667660231
1861201530
1745447825
3337498556
3873982443
2295675982
149428053
1892745392
1317149775
3557350754
665402713
2888402660
2995627251
3641976246
4165034397
1828353624
518391255
107997514
4014688289
1832370956
203858683
702037022
1665922277
1966776576
1167007839
4108350002
1077324777
292914228
3676791299
2697404294
3509645613
3915915432
3290663911
92936218
3835070641
735275612
361234955
3090837486
3460134517
3291321680
4044187759
76577538
200932985
1297487236
2420417299
3586116950
2422383805
4119437048
268097015
3800775402
4157877569
3348506028
3755828507
2962806718
733322245
223272352
4200461439
1124464594
939275529
3208657620
1222010915
2285580070
1458535501
899936584
3622626311
3674231226
1999451601
2392126716
3224882219
718304142
3220006293
2105768432
3877749903
2674780322
3615903641
2011755556
4228755763
3417720054
4029708253
1933318040
1438299671
3283508362
3742016097
2820986956
2481469243
2852012894
3244151589
250636864
691656863
2285194610
4095823401
2303017332
828079683
2263748294
1639880557
3977712104
929385511
3636091738
1779790577
1692061596
3498026571
3967764270
3904890037
3640307344
784806063
3137939010
496382137
1451893444
275828563
1138723990
2071124733
2805588024
2939004471
2371440170
2704713601
2391530220
2479823195
3153100542
17603141
1615283936
1915407551
349598482
4193122121
3828127764
1899930723
4291280486
1734754957
3135865480
2207564871
1545614586
3952558097
3092052540
3018297451
3173968590
2004677589
3871028016
2315627727
1640641506
3580994009
669098340
3958766963
4213417014
972148253
2796222680
526100055
2531004362
513817761
2389912972
3474590587
1079478942
3951685989
3145429888
960024799
760309938
850014313
1486765748
3909606019
2310028806
2175696301
2655208232
2709736551
916053658
234528049
647197916
1542949515
281501294
3203175157
2330789840
2128951535
2451116418
1516282617
1050112004
2972007315
3798633430
3614789949
3669451128
3981227639
2879824234
462381505
1333973036
3109096859
1159423550
2778585221
2931093536
2792088831
168701522
3952998793
2202154324
2101289123
4019162534
1851738317
3930870728
3124290695
2911852602
3347548753
3780525948
1043829931
254845454
903266837
2109222000
1466815759
1046331170
1806382105
22253220
2256964019
513557366
2747622493
8854040
2752042647
186712842
1078728417
224576204
1241259963
2351174110
2014334885
2619063488
2781612319
3614753778
3591459497
348158964
376207043
810396998
2403378157
1177334888
985500839
2053677530
4068870001
2923256348
1412411083
2488448430
1996718389
1262788880
564625711
1291861186
748246329
3938319684
2527193043
144755478
2460616573
692200120
311953079
1756574890
421420033
2545616236
4238557659
2337901950
3483981509
3117930848
3881909567
3052218770
122436553
3519091348
2702695651
2127731942
3927609101
2903270664
3558425799
3398286202
1295914129
3874538684
459790571
806721870
1094373461
1404724656
2946121039
2556988002
611518041
2306784228
268391923
761275062
1005271709
3121642328
1275217623
3955570250
374223137
1379112972
3503191035
1822677278
1026616805
303121920
3744694623
3118423858
4170626281
2464938292
231297795
1107713158
682953261
1846764968
2069105895
1063691546
2046276017
2031648604
2506625803
643910894
2000990069
3410066000
2538473839
4009666562
1048594297
2151533188
623301651
1304578646
3679518141
1813652472
2807011063
801048554
2351142465
880048812
1241888283
233501886
1970214149
2196767392
3310015871
3954402514
2268642825
1156132820
1359534371
349236262
2564298061
745125448
1769334023
3998965434
4277853905
3864824316
1203264811
1864224910
535371413
3120684784
852157839
321557922
3389593753
2242062628
211837491
1588543990
1352880349
1283923096
3213358871
1141418378
3001453409
3391466828
1875970107
18276446
1361824805
3197898560
2511288735
1204894322
4101658409
3898652276
1667133251
3323612102
743157869
3744945896
461819175
1624500314
1183816689
1147462812
1004582731
3056804910
1710235061
4230189968
2685981103
3142865730
2052422073
1683412932
15990867
2299464086
531248125
3162465592
1941137207
2886343466
2799636609
854536172
3451415131
2349833214
3442414405
1262316512
275295679
