2688256008
1617955783
3980383866
2852877201
3090716604
4112486379
1347675214
155623253
1741547696
1170859087
2220754274
4058793305
1858137828
263056627
2020068790
3429951901
1804885592
119983575
694817098
1240420385
716974860
2505042683
2611012638
2238479589
1863420160
1038674015
3743390258
928756713
663153716
293186051
866436998
4284643629
1176242344
3484832743
2678997018
140284081
2886849116
2653112843
2395805678
2325741173
3747511632
1996042351
1262068482
4034987641
2103541124
3024677651
1722250582
2702585021
2664924920
1532993015
1717134058
3040621889
2702085548
208317723
1182105534
450503685
140101024
3126574207
2828607442
3932503305
1875223252
2399973411
3249329958
4070900813
3121338696
2678303751
1526233530
3199679953
4157037820
1429673003
2054626190
2589191573
3068682736
2914094223
2255163554
1481725849
2942852132
3103127859
4164021494
3748134877
20840344
4131618327
4065887370
3241585249
2006007884
1977188155
1307503454
1602640677
2234470976
3806044319
4078728562
1674466857
3997084020
3648374339
2431891142
2365071213
1395849704
759174183
143033178
392395505
285292444
65203787
523890478
1126853813
714315408
3891984559
1280986690
3164944569
796756676
943527763
3052352662
3945685757
1408223288
2530897463
2966386218
1780920193
770458348
1025794395
1475684094
809050693
3417976544
1466995903
252812050
685702985
395968532
3443321955
73492070
1143196301
3166268040
429100103
96492794
1084835857
23552572
397334635
1023251150
3018554325
1250433840
3890050255
2809093090
348432857
1011419492
1353074035
1556565046
3425785373
2887049432
1076653655
4180031434
2421441697
3620181388
1372803963
3195024030
2377808229
2518834048
2082642143
1088458930
585054313
1954522804
1256858243
3000886790
837813677
4123470632
1235620967
604898970
1288742193
1721883868
2183320203
1202325102
1063197429
4209897424
861995247
2517776770
3153570553
678615044
616137619
3718394838
775477565
1926580600
960593527
2529479018
4161235393
483080236
661542299
2403864126
2631032965
1922029600
2029628671
3237041746
2669085065
2711067988
923101347
1733375398
337957069
1367620552
3867126919
2832695354
841060945
1918412668
3100040363
1730628110
1548569109
4092400752
344825103
178972450
1904622617
1520629412
3674132915
1567091574
1628236893
1700332056
220307095
3373476618
1233657569
949955276
3044894651
2355411422
2789791653
3274351808
972935455
3148606450
1322146473
1334436852
2048310979
547575110
1284123629
1998101608
1562924199
1300548058
3403943793
3929260572
3038967499
2002607534
2776500533
3249375504
2573945135
3953222850
1488477497
1300325700
2650681299
889221910
1484099453
2496137912
2329202359
1132027050
287204353
4209732972
2005436891
732837246
384163525
3189424480
1865876799
1366839698
1196245961
1123973780
10888419
297551078
3773306637
1638681864
1588071623
1065214842
3579845777
668675260
4106166507
137642318
3652802645
3294055856
2483160399
324907618
4174777945
2411078628
2621414899
4048800438
2889532061
1716151128
3311603415
761224778
3205642529
3344433164
1830271995
2534179102
2138142181
1837641216
2360166751
2529068850
31177961
1419600180
3141245699
2709783686
2064028205
1617382824
3758544103
539675930
4091394481
418834268
2032360203
1569977582
3687266165
806511184
2589577583
1346883586
1025986425
3286839940
139140115
1397355094
2552530365
2466778104
332685047
573386730
2813042241
2509038252
431160859
2892471486
2494799109
2946165408
3395853695
2481360082
1539425801
1896781780
2657034531
1793233958
1756208461
376544840
441232647
83068602
2896488145
1060041212
3352798507
1868855438
2993661589
218547952
108703119
1690811810
1962156185
2697105700
413706803
1338698230
4227520733
673776792
288407319
826986890
53646177
4046591308
2229424187
4255615070
796152869
914028352
611385759
1163420274
2521259817
2566528628
2727917379
1019212742
2611296365
2062761704
2323748135
2000687194
1778230257
2955627676
3932421963
3918384174
2289739189
928807824
4134312367
121994050
1401192889
4041883588
132139091
264155542
1535491069
2262125880
2625646391
3726656298
3991869569
4193228780
976073307
3501474814
1283169093
2286965728
1523479999
2608597010
1454671945
3775395092
3295698275
436478822
2847237005
3641978760
4054682951
1954048506
2049962257
362018620
1850763627
737669070
2897229013
1597734960
1278711247
3794340066
4028658393
2466791012
343537267
4027402550
3733794589
1681188312
3637161815
538281162
1747529121
1668115084
1226646651
527814558
210858597
4282581120
4052285919
2058976690
2790343017
1910512564
74322819
966206214
3433438893
3489427496
1423480167
1845793690
260296241
2903568860
1696916363
1250616174
2446873589
147576016
2917376495
2480563842
3322934265
2042924292
2164110483
2174660822
1356411453
3379547768
756563831
1653773930
1445515969
1968409900
1161340571
2547264318
3028146565
3380280608
816352767
3145253714
4066740873
2284491348
1729747363
107016870
3795806669
1389625544
4245335431
1229753658
1078016849
1212824700
1684630955
221161230
3468362517
2352314736
2239282703
2931921954
3030058265
2881956772
2482209459
2304436342
573687133
330172184
1148247959
2231334922
2151024609
189398988
1174943931
2612483806
2903036069
3911207360
607466015
706861298
205087657
1955551476
4110135235
524915270
1816741101
2831343976
2001458599
1605916378
112212081
1290262300
2242250699
4023073454
505430581
362835472
16706095
3108409794
4278822457
1136138820
2548261075
2748438
1717495933
4095184824
232558519
3670288810
2459487489
2499330668
3876838107
1090998910
2197444549
878372448
2620843583
2266807954
689229001
2612424596
3130758627
1463353830
2425073677
1827738120
2493779399
2125459578
1092142481
3029451196
1717744107
575184462
1590694229
2771694256
310257231
768696162
1285805913
1883199716
3679801075
317966262
3576208285
1876191320
3160625111
726182730
496575009
369612044
1206095099
1370234398
3877269221
1431491328
750103135
2261873714
3795830249
1984419380
3363933187
3038200198
416197421
2391184040
1780176359
3885718042
2982339249
217054300
673672203
2291061230
2475847797
253380432
1878946415
2060057858
2830211193
1946478468
2966506771
580939606
3394690749
3758919928
3339526135
2985622762
2508130113
639580076
201281307
1267579326
2922452485
3392147360
767131263
3517446610
889343753
2431356116
859148835
1942769958
1926903373
1353409352
1354345991
1340249018
4277571537
2007664380
1887188523
3129333134
3811532693
4219022320
2475150991
43543202
2189093273
2779825700
1860131635
3289900790
1169273309
4058515864
3907125271
506535562
1385331809
4041665100
1525621051
1620321630
3506851109
3843726400
3142214303
67653490
2191812649
2353632116
322938947
37761222
2960544109
1250395112
3850835495
3773668698
3002846449
2859032988
1760104523
68528430
2557402805
3866714256
3139582639
463775810
2907163321
1877669060
1879538003
3225562774
3942716669
2794377784
552202295
2472874026
2434498945
906423532
3761963867
1990680830
1818367045
3426384096
3044038335
2925163794
2423132489
487189012
2233978467
56287334
2271935629
1732441224
160140871
941913850
1008376337
4006906940
3203791467
1697008846
572059093
541254960
3906320079
274118114
1616919513
1364947812
315729779
336021046
34408477
1395190488
2989289559
2834878922
1902253729
1227308940
3412784507
665808030
3238816613
2042078592
3224591071
1426483890
2275887721
198480052
2843083907
1308909574
1367357357
3859133736
3788445287
1726947482
3969578801
580126428
2754278539
2443165806
318082293
3439180240
3802809071
521573250
923548921
3702145540
3116754323
4031720918
1990036285
2698924920
598933623
1783915370
4155390913
300933676
3490117531
3247720510
869094021
3149537824
1134259967
1886662738
4120384393
894535508
2763147939
3978604454
209584845
1509410248
3612978823
4071987770
4207207505
3075461500
3457154731
4050256910
567065621
3838959216
849862415
2051817762
814992921
3095355556
3412865971
3120686454
3631914589
2362903576
1082400919
1457505546
206041313
201905356
630655419
1178465246
1298975141
879357632
1806734111
1829488114
3414715561
2317929972
2674172099
530829126
1512857069
2856396392
2536724135
3571442650
2162188657
2997873692
1982666955
2691504046
694582069
870798096
651594543
1214234306
2956914489
2676150084
2991362515
168258838
1533821309
1748702392
396906679
1644361386
2071410177
1192892268
2275617755
1804889982
3132281029
1508838240
679135039
2872388498
1589663177
251815060
3323266787
1483325158
2152941837
302634760
308547271
2060844410
2100653713
2925287100
1510621931
1854995278
680184405
1516640176
3510519631
2746813538
2102763609
1616678372
3706650611
2907161782
3610932381
3627183448
4230451415
4079351882
4119071521
1724623372
900947451
2608839454
1281845221
1987147776
771885919
2136498482
1753730793
3699788596
1229683971
1046380166
1757070381
544855976
2113132263
3321882394
3524004785
3623686492
3140451595
3753750254
1107405173
3430296656
132584303
2596284930
3273646457
3719601284
3185278483
2762665046
3350017981
3588560376
2232017143
3853568490
246837313
2730855596
4082081819
4092057278
4149382917
2820224160
4098776959
836593362
103208969
526156244
1569719075
2892631590
2703937357
3099142216
1391111943
197501114
1168914641
4047117308
1596245803
735785614
3163756693
3527381232
1691938703
803018658
283488921
238222116
3415870515
622388214
1284279005
2927300248
2371305751
2299227018
1062626657
3333406540
134214203
1186251358
3560719909
3775807808
3077030815
4281089138
3102044457
405604468
996841795
2977197510
1533766253
300927208
1313904423
361704026
2187195889
1337685660
2406621515
1053918766
50796469
2280277392
1176230831
1501025602
1508840377
4236224964
2159192659
2541333398
698379773
52188984
873967927
2694700330
3819694721
842154476
1061966939
432963070
535596357
3883441632
2002139071
397206034
1712036425
463462164
526597987
2422578534
1833211277
3074800008
1898811207
549749754
375997201
3710460220
429886315
3095964110
2753930965
3718138416
3451377615
33055458
4119069913
3343034468
1538087027
2562016054
3333480733
3371233240
3696439639
1674583754
1006567329
3639940236
3904685691
2803698078
992699493
1434471040
4162960351
2680641458
1457607529
2455569844
1241642371
3223690502
1350455469
2279799336
9017191
3738021274
1947607089
388701148
1328874891
3974667630
1387709941
2541985488
3786728431
130465922
2666300921
2703488772
3742504595
4189301462
797303869
1226889336
756138359
2114596970
1821877441
1117796140
3621341339
3699926334
2864761733
2571978528
3251785727
2950929746
950967433
4178345044
4291738531
3952897190
585145293
3069151944
2238492551
1964156730
4054617425
258565756
96112555
3822674190
3850532117
1304576880
739966991
1028320802
1970312985
3503003044
2439570611
3210535542
333936477
550768920
291201431
246682122
2109594081
2329651660
1680464571
1543016670
393527973
4110914496
544207903
1416213234
482047401
3763749620
2303824323
4054977606
2788390637
3415436136
3437156263
2096853210
3379858033
1804337436
2528651723
1497560238
1464906805
