1246920278
928752061
1509718008
491117303
4032330730
3425073729
3748794028
1977498139
1887545534
382613765
555538080
1577687423
3548076242
3415745033
2207859668
2616319267
507387942
2853943629
70322760
4262275335
1663161018
1397146321
2937003516
331473195
2050065550
497107605
2125705968
3192564111
884967842
2882632857
2561162532
4258948659
540636662
1231025373
460550296
2667592471
742137226
1371238241
4056760652
2890632251
3353842782
628944933
1595073344
3358588319
1249062514
1911274281
955959924
3542709059
3137437638
3468776557
42511080
2183139623
1270111322
4130177009
1547794588
3373022027
469817390
454705589
2107598736
1037735343
373507906
565173689
2881874884
3616539731
4237507990
3189299197
3782588728
2913839927
4174876458
3179672705
474006508
2614423131
1142575102
4252120901
50216928
3987435967
3105674258
3576095817
3648954644
1996429667
1714138982
4118773645
4118780808
3156871495
1915926010
49138961
685777724
246850923
3910204366
1841156309
3574885424
3259208143
1127011554
1285148377
2614749796
3718754931
3158824246
1028541213
3777712600
3965070167
3448950986
2412644769
2457114252
3556925563
1593957278
1064701541
3875990656
3531863519
2212514226
2123472233
231524276
133877635
3601116934
3625859757
4231912488
825430375
3355762586
735029809
3532856796
1984503691
1967779694
139718645
2302329040
1905106415
3655611010
668422137
3683399940
3534319763
1883192534
315117117
2747021944
1107409783
2513822314
752594625
470858028
1750852251
1183201086
2958062981
3109349664
1052871167
52793170
1534322313
2458730068
178558371
4149509798
3563423181
2313907400
2856528263
2995968314
119215953
2869061756
357280171
143897358
27565845
1916429680
901822991
3973144610
313549081
4052015012
2099068595
1566667894
776921437
105935640
3652737943
2970141706
3707167713
347941836
4033443003
3700384478
952724645
4228920768
3194760735
2203362546
3172319145
946341108
126118851
3877838406
3961348333
1706052968
878858663
189047514
253236337
2547385116
2235974603
2664842926
2490883637
1010522640
3169117743
2187091394
3496804921
2020329028
2810911955
4237720598
598344829
974126008
578948023
4069750186
3429345537
1814163052
2276660955
3070582398
3853054917
90231392
2710299199
1154845330
1488922825
3825539988
2334282211
4177038822
3306015757
2863955464
546867655
528628858
2718867857
313912764
3821071851
3891898958
529902933
1734713008
2030182991
2498571106
2287285081
518587620
544934643
4207301558
715241373
3290616920
3479620567
2715678538
192282145
2783379724
3451963643
533735966
3887532773
4285447936
4230522463
2081439794
1203249641
2383184436
637945859
3015495046
2835269421
3357540008
65917415
2964563482
38190769
692725852
3527649291
1206246894
633736309
1205941072
2686479983
317442306
3316708473
2812580740
3128232211
953744214
519961277
2108751096
3614350327
2052081898
2389304129
3652477868
3860499227
349685182
2478551557
3898735520
2789898879
1366083026
122202889
1126578388
1824017955
3528973606
2243449421
2166017864
3077188103
4097892282
1443392465
2100998908
1985376811
3598901646
1305541525
97916912
742902415
3737138850
2009613721
3913708068
1275139891
3417731830
2156318173
2481091992
1973517335
2874305162
764106849
3006404172
2018008379
1208234334
1652484389
2455930944
1006198431
3780320114
2025374761
603602804
4156580931
1135721670
3976359277
3972853736
1477808679
2475813210
2811996401
1143967132
2038516811
1605940526
1652456117
2641120400
3682612911
3469898818
4058195641
3463880900
2946970963
4232493718
1929654525
2279554616
688352311
3628882986
2770492801
1913133292
2949791579
524119294
4039684165
2744673504
490558143
1009467666
3780144457
1697682964
1671858787
716336230
346364045
1985896584
1190660679
2886648570
3846731281
1204860988
155989611
1668241614
1385597397
3737899312
802271951
2911535586
3947468761
1440554852
3287245683
1198641718
3191743517
785340120
3030936663
413539786
2507600545
3923667852
1010839931
3026942110
4284548965
2519437696
1847482079
1717384882
3931612777
1332821172
1358086275
3728862214
3597161389
3707183400
689541735
3474943130
3780563761
3854971612
3611242635
361679982
820062453
1847371216
1866743535
961568642
2135136505
2451697156
1801560467
1579137494
3455887165
2983903096
529300599
4157058922
2194741185
2187136556
1360671643
3581301822
1930423941
3091467808
379874047
1481702482
2702602121
1063531348
1680672419
3913825190
2954108621
868168136
3884067463
36431418
1376698449
263716220
417479339
1576996878
874928149
3280390768
2749356815
613158178
756623897
2850884772
2357587891
624456054
2986850909
2385082392
3032194199
1964577034
3581463777
925630668
2783462843
71696350
1419601317
738843328
3268906783
4268659186
1993656489
2779871732
1172135107
179133254
3278928365
3789460072
2939802279
3197906906
3518512497
1263409180
2277332171
3634897838
3073251125
724713232
2611775279
363170498
3625077561
3622206276
300174803
3047422230
505896317
2497937592
54381751
67257002
3652588033
2549302124
1983014875
1992457086
3503385797
3886348128
3804218175
958265234
1088074185
117510292
2727068387
895044326
3594872077
2726118152
4048063175
4057483642
3734719121
2989523644
1633189611
3581019982
952133205
3309765552
3903996751
2802112610
3346463833
1790327268
3926178803
1548374198
1780715677
3945847128
3726314711
2347451466
3218138913
3361396236
2172688891
382977822
947127269
3040699392
2858747743
3704040754
946875113
4227528500
717240579
2419329670
1381687341
2227389352
1656115943
4249367322
3674204081
4060560732
1731967243
1480899310
1537557877
2246907984
3774418799
1729230338
2794405241
3305392260
124729875
2584967254
2445562813
171540984
1549491447
1748768234
2618379329
2148186284
190503963
2187453118
5057285
855318688
298802047
2983342802
4208800777
826748372
2466430755
1982175782
1165552461
3956839496
4236978951
3058953402
221123793
1283082236
3740205867
419970702
3869553813
894205168
2659773327
3627344802
2225278617
1568188196
1621870643
602370038
886154973
3206904472
3641097495
1750906762
1723810145
178973516
3679006267
190107230
3240419877
3540397376
3573989279
1957103730
2305412393
1737340020
2480624963
1981151686
1634174573
2397385960
4224652071
1717794394
2674774513
2536612508
2449104203
2208600622
3297162165
1871524240
4285126575
1893048642
3573182393
3199948228
4030883411
3803068310
2534640125
723305272
4079299895
3484756266
4230137473
1206087148
1020498011
3079965182
935536965
3683027424
1947415487
3584929298
1230894665
1937148692
3922852707
1391274342
4226724237
2031166856
3783920455
3403599866
2684821265
1003834684
3454388075
3087119822
68371157
2765567536
2778977231
2606509794
1860002009
2272547940
3032159347
4082093878
2689727773
3276233688
2378083671
1437428426
478403489
2874949772
4286710395
1091114398
1156579429
1722037888
855422943
2035164082
67219305
1034531252
1433317763
59975942
248933549
159671848
1925452647
355334554
21101617
940394460
1681473931
2315757934
3625083381
424839888
4148092911
3056635010
2375279097
1783341828
2963133075
2796828374
3696558141
1355629688
3487251831
632126570
1814724801
1019044652
1994163355
362443070
3983763333
1653027616
432753663
4159727954
3869046921
3268356180
2604234659
3002071206
937867213
4083611336
3095735175
3937989434
2573625681
495030908
2860305323
2174643470
2538344725
3844550512
507706383
331004450
3496342297
770261412
3933380787
2177068662
2061800285
4040588568
612556183
3743243786
1935586785
2544817612
2053838523
1462803678
1511349925
2438430656
4102483999
3724312306
2188890537
328134388
2210024899
3219888198
3102184173
1038145384
4292170663
1692908762
582772337
299511068
2050516427
3668836526
3163050037
4101841936
146286639
4200773570
983274553
2901749828
1824620243
1030059542
1338553981
344655288
985501111
2506428330
2657647361
3956840556
1706408155
3685980286
3617449413
2302483552
1396155455
2883216530
3436853961
1418790292
3682153443
3178104806
2007039501
1142556680
3653012423
287463034
999027601
3468629948
821301227
2233361486
3868139349
125593776
1755735119
2760934754
863815001
3591859940
1175612659
3330428342
3536415133
2165497432
93539799
3488387402
1032835105
4242713356
407137019
755721246
3604282597
3026192640
2313513055
3589413426
520893417
3195890740
1929259523
1918846854
4258986285
3040512168
457364455
4040212506
1713180849
2715308636
2956446219
618108910
3626532469
2991390032
3021320303
1085022978
2253489785
2885156228
2297260819
1040315734
531541181
1335232248
3154910711
2317083370
2233251137
578096556
4120849691
2300575678
3967984645
1357399456
2962766975
3299581906
911588617
2650546900
517025827
3651622694
2036171853
2489997640
3715116039
2036005306
146259409
1825430780
1569428523
297900942
2015128981
1561780720
621677711
4045246626
1650579353
1161747492
1272609075
4174146806
4131422173
3980165016
3643801111
861602954
2371299937
1211613260
3847094075
3789122398
3513703205
1895682624
2740461727
3564041586
872338985
1404381556
3078243907
573454022
3153108845
953252328
2102170663
2485715802
1839463153
2772940700
578252363
1472491310
3509775541
1140987536
3113711791
3427585602
1526053049
3432254148
2841745235
2143925398
3125207805
456017976
470216247
2937189930
1384591233
3990012652
1389945179
3709839102
1650565701
4207455968
36508863
1436818194
2639232841
1414561812
427912291
2933646950
995904141
1301801608
2615151687
2661473530
3274295313
1424876092
1820547179
3066565326
305396693
2000067376
867824847
3701595106
1733634521
2157939044
3221931379
2413939766
1938413085
4002635992
2274946647
1420343242
3035940001
653137292
768070523
3571102366
2686646629
2825968512
824121567
2360545458
1536145513
678831796
628007555
379086342
292062637
3521489704
506631271
1781565082
462497073
426269916
758600331
2729739886
2380765941
3671879632
427655407
545569154
3804769017
3020511236
2992505747
435991510
3453049149
3499346296
1659764343
4018620778
2028464577
2603726892
3919762843
3606220350
2944065669
136206368
1479945471
2986595922
3154608521
1825447252
3217680547
608941478
4225585357
417512392
759966855
1010434106
1830949457
610215804
3659226283
1131530766
3138767381
656118896
3035241743
2321377058
2358688793
3447289508
2799915443
1124232054
417688669
2119664152
957226647
3205868298
1185455841
2252712652
2113005499
2773432798
3643889573
2079925440
1668960543
4059982834
1878973097
3523240948
3508223683
3604862278
1552067565
3384220776
909431975
3458681306
2451869553
997868060
1823962827
1961352622
881232181
3894151440
336054575
9692354
2282282297
1201136964
3357716435
1675293462
1217269629
151423672
3640741559
1992023210
2860442625
3083988332
1715276251
3050878334
2316197573
975782240
49513791
1829425554
2361246665
481622676
1173005539
1630979302
958437133
3750415624
3925118151
1298162554
1222679697
3093408956
1653842155
3338584398
3103905877
2114309552
148800847
1569731170
1550224985
2970395620
1151606259
158223030
4103291549
3586712408
1439665879
1038212682
347257121
2474541068
2718710779
