3918228013
53888424
3545853159
1005356314
2214859185
1241079644
2853401355
3679792366
3001487221
3837811280
1342138735
1547732994
3927484281
1295690372
792605715
2167548502
3946798525
2507473912
3593271031
624748522
180876865
2165136044
4144567835
2404832446
3811144965
3081167520
802436479
1894597842
979967497
77467604
4269291811
2746797094
501118285
3623654984
2234205447
4208017082
2016886481
2091739644
51625259
3137450126
2780528277
3086008048
623658383
2388424098
3402725529
3322939684
2473050675
118432246
4039225565
3897687192
1578456855
91654538
750447457
4163800396
797206587
2507325534
1427516453
3015896896
1709742495
385555058
148551465
3078985332
2038288195
3320982470
226627693
1496987368
1391209767
4114204762
1190919153
3626353820
1978406731
2433156142
3455221173
2525131664
606745007
3161862978
3897416121
1345566660
3698024531
2657020310
3891827709
2193245496
3656435511
2976381738
870543489
2053640172
2015087195
727415806
4283003717
3100920800
2656177599
1337638930
1932779593
2827971860
2552329571
3247594342
1312701325
3524732808
4255393095
680403450
1050298641
101347132
2418311531
3175950286
2052328661
815626288
788606415
2432024802
1507183321
3394090596
1221660275
2752086326
4172023581
433446360
1824999255
544816330
545883553
3143754380
3763813499
1257834398
42682981
553842816
1561891295
4287903154
2193398121
6525876
1525361539
3447806726
433780397
3787155496
2321231207
104221594
2438604337
1141074396
1665465227
1404836718
497560565
174705872
3954784751
2856525442
2595310585
654705924
455134355
2834753750
4003727933
3066873464
2107692919
3188870762
3606391489
46400812
4223581851
2721276734
2745414021
444003616
3930334719
4277107538
2763842185
4222224980
3328373155
1420241574
1310736845
2068773064
1108952455
1939490106
1434686289
1673049212
2228585899
473685774
1320606485
2081386864
3294254607
2596686882
2317901081
1829020580
2581764787
1913593974
967351645
3066494744
3078977431
1771778058
527327201
741767116
3789181115
2465369822
1264232613
2807579072
1373424159
439652594
2860301225
3943354612
3809527747
4125870662
1825971437
3858356584
2984668583
3391229658
2237567089
3402780444
241049547
2461299374
3360168501
2981520912
3874259503
3907471810
1803746873
3069284932
262043859
4164560918
3984703613
3404498872
159197111
1987830186
2789025025
2808167020
775025371
857639550
2256023493
2647580256
1676312127
298546834
3376686281
858646420
3179064803
2218211814
2613348365
3169061384
2865407431
3610617978
4281539985
1928870332
2640759275
3876443726
1763961173
2877729456
1165475407
252581730
3859361625
863293668
3403441907
1751121846
3254219677
4167393368
2794448855
2887541578
4222188065
2011974924
5088507
1285510686
96749285
2818755328
3027583583
2585537586
2589662697
1287343668
1714332675
108099974
2763227949
4013263528
1104014823
3694989850
2236168881
3922883676
1400341515
4247783918
873613429
1034436432
2516847215
2074260738
84078713
624320388
505701651
594061142
315733693
2556004600
96843767
1172616426
2482724673
897560492
4222969627
1566372286
2651254277
1142687648
2609190527
1536078290
453617417
3294299348
4054755875
3078785318
4117433933
3222690632
3489154567
2392869818
3186157521
1359544060
3591917099
1828916622
1339766677
272835568
1385784975
2433557154
934822297
3806215716
1610511155
3191611126
3755510237
1475412376
3794180119
4080850570
3346715745
197354060
1206991163
2537512286
1208493349
3292697664
891419295
4069197682
2895626281
984943476
2021965891
106064070
2679318893
3333323752
4065439271
398939482
861545713
1581504924
1322330187
2188304686
122074805
2675923088
3107967663
2780127298
1366368953
3608440004
3941765459
29517462
3436440829
945015352
985303095
3616327722
3530545537
3126813932
2424904539
3761150206
546303045
1319006432
1632890559
4017696018
340617545
1685152276
389604963
2512984166
1498666125
3995462792
2313299527
354037498
1407513105
1529545788
1797919339
1029407950
3374106069
998563120
3422506703
67333602
2306184153
2155932516
495501171
3940777526
562815005
2393498328
1384745047
2319223242
3575803553
2499524492
84217211
3524437150
1751532389
3713506688
3290624735
3602981554
2071110249
171444404
3998424195
1020172294
2081755053
1973726504
3148983911
2550192282
1909542705
627474140
1554713739
1370552430
673539317
142324176
1356847855
3932113794
2064487673
1909176836
1514732947
2861000150
3385353021
68897656
2962987127
380902250
3554317249
2202032684
1491931035
3134423102
2220042885
1050024480
3315009279
550168658
1867475849
145817428
576414371
105572262
96393933
4031954376
4039657095
635654714
3278322769
782125436
3638302379
660028430
3676869653
4270577264
3521738511
2335242530
629220889
1369233572
129715123
2778078582
1431402077
2513437720
536393879
4233854218
3068152033
13978828
3284738491
2623089630
4246643109
344057536
2444765983
972979698
3777741993
1350845940
3688478915
824575814
2551789037
1163402856
3593334439
3089734618
1659812209
2088395804
423964875
3660992430
3169735477
3923594000
2636391215
216037058
3961014073
3667674948
2422712787
1962386710
4159641981
2498759864
2947082423
781889194
1249611265
492998508
18957275
747349886
2140186821
3577938784
411983679
2193875858
642756041
3864648852
1196826339
810022630
2028740877
2950483720
1558881991
3158029690
1320142481
2829242044
3681442539
976630606
3426656853
1788350384
3298287439
2312488034
2518349913
3681682916
1658198003
3851680950
2305379485
2795726168
2998151383
349810762
1056203553
2089820684
1350399483
3578983198
3698409445
3405869056
237085535
1333991730
4160956137
3805922100
2505610499
2862134918
2449447981
3205025704
3120983783
327261978
1760715697
3770648924
1625265419
3409897198
736199029
4108592208
508341103
276357634
1322334585
918951044
4052653587
4166198358
2240286653
3289517560
3223484663
2323677674
680708161
1443234988
1969600539
3029798590
143156997
333786272
3933861759
3903069906
1938698249
1923873236
4201192227
2063615526
1897637709
1443110984
1720272647
325277882
2013171921
3866661884
1864425259
3308808846
580841621
3504965872
1145735055
2737950626
2776828569
3812651812
3004769331
3793558518
202597085
979633816
3002849559
3740738442
2141109601
1970026316
3076655675
2621438558
480124453
2719365440
3919535007
2324624498
439929129
3598221428
2937041219
2959517126
1208500845
2885075176
528166695
2236146266
639389169
259387036
1337604427
336248366
457109429
449854864
2493084591
946376002
2373479353
3951632836
570278483
198828950
3771942397
2864795448
2856864055
3584398634
2690663041
980072940
3791285339
305509886
1434084677
1002214880
194629567
1705744914
3511349833
1659328276
4023670627
2377373030
3968691597
1275638152
3856934727
2795125754
26450705
1163893052
3493045099
1469964750
2760474325
3267379760
826372047
3129285346
1576623321
1850220644
3166990451
309426998
1804581149
173139928
152029527
2784220874
3407828897
2561248396
1152835195
1348485534
333790309
2063614592
342971359
2657226674
3792481129
2158001588
4248767875
2312099078
3631425709
358740520
4274794343
683632026
2091677745
98407388
1108680075
3822703982
1900453365
2363594448
4881391
133134466
3528318457
2653253380
99954323
3335250646
3088104509
2721960056
1985632631
4215924842
606338241
399552300
3005178011
1151835454
3701908357
3456712480
2351818751
1293571410
4190499977
2890658900
467129251
1336059046
696349645
992641736
4080748423
824205114
3987662161
1654120060
2061936555
3232143630
1480477973
291257200
2881263631
4077889058
163442457
3251178916
2216164531
768678518
1981697885
262998296
3710908823
4111452682
3015061985
3548914124
2226909883
2431895774
1485216421
1996458944
3201797151
2117888754
700370345
1989262068
2485561795
3188999238
2709540589
1149920104
2419683239
1495607514
2397233777
20347164
3559932363
2850827438
1412992053
3159896080
2711602223
1112384450
2274463801
869989444
3249855187
2154373654
4185944701
1137152440
1821944247
648903594
1713239809
2071454828
2501154011
2334966910
1414341061
2349541472
3161866303
842027154
3879679689
2216284564
2998112227
3893146598
2788669965
212440072
3872303047
2922758778
2123394961
459367356
729410539
261263438
2214419285
3455939760
335282255
2953933154
856736089
1661156068
1297336563
729545142
973022621
2209704536
2543610327
2542468426
195251233
1397225228
1135691515
1027248158
3233954021
4149482752
1494352991
1566443058
193933289
2374776884
3355870723
343143302
1097839917
3266319528
1275260903
2981768218
3204418737
2126552668
3796608523
360825838
710195829
1517554000
4174990447
3938651906
1468236409
3521759620
3111962387
3488719190
3546441917
1755222776
356727287
3272625898
1485713729
849369516
1947863323
1694837694
2997739525
1996640672
749918335
3895299026
3556161801
1603333844
682069027
3190948646
552616013
3922060616
1490962439
1494902202
913848785
2365335804
3727519787
2476853134
2919672213
1239674352
171944079
2496298146
2754728857
389457956
2629293363
1118968054
91372509
3752528792
3767867927
2560979082
3844515425
2234059852
2379668283
1953797982
1658328869
2638077504
2472590495
2936463730
3787313705
3671061876
756982339
2486100678
2525059949
1494418920
3932729383
230584154
2940368625
1002177436
2292664907
366648110
2581276853
1484071568
3325498543
1150270018
744731833
3717322436
2441933651
2359648406
3019284221
704828472
949619255
2075288106
766815105
1250561772
2087697755
2440090366
772333125
3492723424
2904797375
2186413842
975993673
4092677140
838060131
2035454566
2548762253
1002403464
564799559
2903394554
3617997841
346566204
3477156971
3692314318
2627352533
374318896
1858572495
2222639074
1734419929
3819132260
914628979
3937630262
1723306525
3704483032
2690255447
1134502858
2457878689
376136076
2943135611
2514607774
2500343141
1241311104
1577301215
645332146
1183495273
3013407412
2544828035
2223313414
3203744173
284374824
1672130663
2289169050
1105961265
896051420
595799691
3661017710
2299254517
3885726672
167320815
3539182978
812787449
4229112836
774201235
3452198870
1232934205
3778303352
3739032183
1003730282
1473340865
276104236
441823643
263174718
1016994949
416310304
1309198591
1407042130
3558899081
914024788
3268953251
11428262
1231555789
2882947016
1500661895
1699834938
1683656273
1336243068
2062891179
3089757710
1442317845
75538544
1641265423
2724352802
3336484889
227099300
519613875
3670022006
739190877
1952321048
4281023127
599267082
2783976161
4098815692
884130747
1086481886
3985806245
517025984
3912953119
3069073394
339072681
2905812980
469211843
1823899974
420177901
865118312
4027117735
2098509274
2570783601
2835779100
1327452875
3520465326
505857333
2032604432
73360687
1496240322
3454982457
313372996
3011906515
3935215382
2184563581
661853880
1347185335
783567018
2300862465
295778668
4195083739
520216958
2494405317
304565600
1604460863
4027628946
2618474441
1550698132
261423331
2072342758
3014087437
592075016
1484171463
2099498874
517281937
456390844
2643033323
925035854
