69010739
2213906678
612297693
2976906136
1865763351
1508368522
505828961
2051341388
2447510331
3458598750
2474297125
396414528
2785471647
2291618162
1790149161
3815368052
1653592643
336483014
192547693
2413032936
30728231
157081434
2263754481
3348362140
473856587
2175273774
3723090101
3612611216
2066302127
2751212098
696607929
1416087236
1208623955
1646317718
2849722109
4106208312
1003633207
3098333738
4278999937
203292396
2995973467
106578686
277057093
1653189344
3345080511
1318745874
1719282505
1476606996
3699177571
2070544998
4189828749
2306369160
867063879
4066687226
3182031889
1794645564
2062574699
286895822
1753278421
2334562096
1901183183
1688156130
1037751769
1945191780
135876979
2959534134
3748938269
1552080088
2754230871
407999434
1747972257
544690572
1671946107
33771166
1432020325
810538880
2346312927
2172087474
36725865
1864819380
2203070083
1691648518
3114135981
832841512
4232503399
864051866
2722582833
3526400220
860511883
3027509870
147490549
2389339088
1713065199
3486520706
3426998009
2715358212
3872558995
3752841174
4044473661
3521201528
1866812023
3292407146
2648249793
3740857388
2561204635
1326000702
113822853
2400932896
2608265471
3650499154
186527113
1165810004
3146871971
456511910
2296954061
1535064008
78018695
2451037242
2869837393
2934268796
986998955
329213454
3046028821
424120432
596502799
1475789602
336095257
3301388964
2327698867
2497939318
2927351901
2449669656
2821417623
2077918986
3360672481
55240396
3374183355
794023390
3985982373
1628709056
1648434463
56543218
2995488425
195895284
3989359299
494268742
1231296493
775002216
970268839
1200825818
843496305
1186889244
186024651
2323872174
2308273461
937821456
934384943
1669021890
3094382905
3613630788
2657303507
2833911574
2340060029
772802232
2649004727
1921956010
4091285505
3709151596
4035909083
2563461502
4136127173
1549942112
272650559
2671324562
2378198985
106935956
2256416995
511500518
2161640205
618875144
3436894407
22691706
1983432849
1935927484
2711137515
688414030
3282486357
3396192688
4102967631
1288015458
3234085465
3897974756
3494554099
682321590
2681581213
2335203160
3816348375
1338161738
281404705
1342159884
2391033851
894934302
845799909
187542016
2575078751
1099785010
2516904169
2386337076
4130973443
87203974
1493990957
247220648
851419367
3772066074
2569823665
2726142812
2145576715
3004567790
3330974581
2231819856
1881939311
1648208898
2555083641
440888964
3539740691
1427082838
2807394749
3800827896
1341139703
786336746
4082453057
3551698604
2793769499
1658894526
3590457605
3416155808
3053316479
1925408978
681636361
267113428
2978164003
3967758374
2680785229
249862728
613120263
2070667962
2708050641
3585322492
2877108523
2694091918
420024981
4023993072
2224224655
3863714210
240012441
2749287716
1560262195
2734589430
29476061
3242918040
4266822423
2672438666
1406287713
1943392588
3222985787
860791902
974700581
3487331136
3788262815
2940419698
115116841
202726004
820167491
592089030
3335988333
2625911528
2672189735
3666242650
2033733617
2729314460
2918157131
493611054
1709838773
1728903056
3486180783
257382210
1444195769
3485760452
685593683
3143650710
3001198589
144001336
1302854455
2758647594
3464807553
3490796524
3872144987
1820942334
3681945413
504352736
1559216575
1735713810
1442821193
392245524
4041238883
746372966
3825029005
2193828744
3824703815
2072823290
4007697681
856994620
2495739243
159648718
2079695061
449444912
3017531855
130606306
115777241
4238375524
4112319091
2065491254
1652562717
3985826264
3774380887
3048267978
3820280225
470623884
2854334587
2289626014
1524751973
2422242432
728778207
4290795954
2672979305
3665254324
1912872835
3204300550
2969832109
3771296808
2007589223
1340534682
3031071281
1150266844
4051464075
4173660014
1307820021
255348944
1456336367
3993518722
470556665
2635778308
2219229331
4078718166
1549934141
4184590968
2672561015
3195794026
4155145921
527517996
497234587
3037022014
2099529093
3572922656
357947903
3498942290
3491542665
301977172
953542051
3317010086
2343785933
700382408
593590663
3170691386
1625155409
684128380
3651598763
857129742
4071386901
478147952
2728987151
3564990498
4107088153
937125796
2632093363
1749451894
2421207389
155714328
3014306711
506909706
1387115489
904248268
3638084795
3558240990
721763493
1845085632
2796060191
642036978
967217065
2393019636
3453860803
1603022406
1976774893
617340264
4096303527
2620830426
1841489009
3311571740
3871970251
3026278062
2766646837
4006144528
1165309487
3247467970
1416745529
1737119300
158887123
1401130006
2450773117
1313835960
2367445943
2823390634
554072321
1326612076
4148848347
2073325182
1900856261
2979160672
795882047
1095604882
2436364489
889695124
3181617635
3748240870
355179533
3977776648
990304711
989613178
966881681
2483715516
913063403
747420238
3278732629
104541872
2973397583
2947103586
1648493401
3671037156
2559597299
1639670710
2574485405
1303012440
3735624663
2753300298
1929170465
4003434764
411048187
4117183006
2160253669
3387444992
3283416671
1443909682
4028166633
4258730548
2561644547
3426082182
3011811117
4056649384
2365858279
1521858074
113348273
2724640860
1779890187
4286639598
3506822261
3070149456
469810799
2368723202
2844116089
1414734724
481450259
1943407446
2184694461
3766521080
2673404919
3440793834
1020834625
741667756
1610734363
1064752574
2922349061
3039005600
998165119
2364855762
3549526793
4122527956
4085882403
3772312870
1051075149
4128137032
3274209799
818606010
4218108881
2451522300
2807153195
1160114574
1954073493
691775472
2144344719
1015826082
428152217
2864513572
1818650419
2663088886
3425213917
872023448
171166743
1386248842
1457662049
3011159628
1968680251
195772766
1918548261
1164712000
852864671
40053618
485069865
1028968308
1723446339
205180102
1213742445
285769704
4202422823
1722022234
568752369
2564562332
2544147531
3378758958
2022591157
1494867088
2595260079
2485552194
92796601
3367317700
1647609171
726911638
2601386237
3376336440
2655108151
3626134570
2103520641
3289950444
2215219035
3219946750
1779204165
552203488
163685055
3334689042
292109641
156444180
2395462243
1900248166
107145357
2917265544
2483444295
430494458
1752909329
2152024124
1754760811
203581646
3423492565
381772080
4004119247
1583780322
618031065
2900602724
3701781363
2525422134
3064984605
1970726616
512408663
1963208138
1352516257
834075532
1000309115
1981974686
1443682149
3250921856
3830097631
3732752050
1515746921
2723925172
205262979
1725627398
1385046957
2344792360
886039143
3678502042
2708579121
2785198812
3417473163
1095359598
2176907509
106575312
3250884335
1504997250
2461559033
1777368580
3191796115
2436680150
2329311037
1640648568
2450967671
3031285610
1423960001
1677565484
3483468699
4231357502
455327365
1982176800
2860038911
1106840658
83836809
1695990612
2208192163
2011777958
2862739149
3184705992
3319822983
2966812218
2198966353
4223438204
4135422635
1354899470
3496880149
2685164144
503851791
947395874
3463838233
646159524
3985326003
6127990
659130973
190908440
1139666071
2525438218
4067400929
1452576972
4153906619
3557625822
3256432037
1613982400
139714335
3718160882
2191890601
3257666036
2641800387
1666607942
812009965
2872713832
1950360231
332283866
2812480881
119187484
2726339787
3597874094
316532533
805293840
3514619695
2702809794
3143047993
491064132
1427217875
4241557782
1070673277
1130565816
3273137335
2381861546
1972691457
2569261932
4010391515
865176446
2008366277
1981187936
1843663679
2446722962
2828239305
1044619412
105714403
470440678
2846045453
253809416
2968967879
4052900218
2372803217
3787788988
222547691
574953294
3352835669
3596391344
1848283983
771811426
2695089241
2631715300
3814329331
3548340406
741695645
788031832
3801963735
2187940938
244823841
1330865676
1971317243
78305054
2361381861
2180445184
254891871
856112434
2953902825
1912964916
1856604419
3370982022
2149625901
4172207016
822911719
2877965082
2528819121
962841948
4165929227
941607662
2451903861
2269816912
1243176815
1838548482
698617209
133355652
2330757651
89163862
3896386493
1195971064
3112545527
3477218794
3519028289
818628780
3464637467
3846238910
1979775749
570208416
3829640063
2308588242
912655369
169459156
2333347619
3303451174
3248929613
3406570568
3985210119
387841210
164685009
1335810044
2838123307
3488304782
948733077
183635184
2136030095
3795907490
1704976025
3576641316
1112610867
1194098678
330528477
1501366936
2732133655
1139459978
3075871073
2301852492
3247996475
658234974
3426791973
3360668992
2837647263
1375148146
1020960041
3341304948
336897347
2665417158
536696429
1029752040
594895655
2109048410
284729841
4196283036
3915230539
1435476526
2782299061
4252680592
3956942767
40481090
3353296825
2402936260
68138579
2180728726
4066204157
2260489016
1033862455
600521002
2611058305
942931436
2588598363
3498285566
1279719749
3138918880
3721888703
1015397906
683066953
2111380244
3325250403
431896934
4042031501
1523889544
1406688071
2629361658
3128553233
2726944060
108074859
3908355534
3905622741
3473720880
834413519
947404514
665465049
3569017956
3467666547
3534020406
1812188445
1143925720
1826684247
642480842
1055566753
2977222796
673272443
2600478110
3604729957
343787136
3328772063
3987616690
3275915113
383009204
1643643267
745289990
775699629
2190472744
1136288615
2777680282
4171025457
1183438812
3521941899
1577236846
875704821
3285195472
3070177263
3805584514
3225989625
1482306308
2763727507
2316388054
208588861
1526518904
1470467447
1993575530
1165578433
4238209836
3198407835
4103700798
1892104069
3265839904
1793039359
4258822482
969263241
2395060308
2884290467
30476454
1974765517
1740277448
4230183815
1034093370
2712222033
2009473660
2706906027
1017216270
3738427669
4092378992
2779466767
1407633954
822264601
3770667428
2360864947
757628534
57041757
3897429272
1760898455
3033230858
932546017
3042403788
895116987
4281838814
1121005221
2277576640
2537766943
4184641266
495493545
4132011764
1821613507
4174686278
152920813
293365608
3390808999
2119814362
1877423729
1541848348
1312536011
3233353902
1668816949
1267381264
3955783727
3524708290
2099274809
1217642564
2435763923
1959953942
615679613
1565169080
1339547063
4087029674
2173127425
189343852
3888974043
2428676222
2579609029
4193168480
3684430911
1624405138
1674775241
1913886100
1887077347
2757695462
3460222477
3674052616
1051384775
4112279162
27181969
2895357884
908025835
3660674126
1625747285
2329016496
996062287
2546767202
199857497
2122186468
3232218355
1308057014
3894098333
2132438616
4283801047
3131744586
1939251233
3256564492
3045309179
857895966
3865103589
2203687168
2347874399
2826054194
1710031849
986184756
2284288515
3411564422
1323354413
1936070824
785982439
2740113434
3642220721
3077890652
982194699
754100206
2582138485
1172999504
175505519
3547345666
2829473401
2233896324
766163731
3648980310
1768455357
1726322424
2926996983
90305258
1108051265
829791660
