2706398041
1570376932
2695394035
3162807222
3657129885
3433061464
2314646487
429702986
2882938401
45680908
4221251835
2706862622
1782952677
3751626496
817204831
4087875634
1545423337
3441396276
3073224707
3995932038
1700949805
1981777576
4061641191
591687194
189851313
2461937756
811077643
1482630638
1453241461
2110896976
2072467055
3751121154
1476402297
2274990980
2199286035
3766174550
1391174333
968000760
1202881527
3828551914
3533572929
4877228
1793651483
952307134
761158149
3969156000
1191928447
4289236434
973198089
2222801108
861124131
4222362918
1001388621
3550369608
2554860039
1911924666
1206293457
829602556
3093223979
2992646542
2864554901
1892327408
1357034127
453901986
225144217
1820293668
1997963059
2872883958
1661498845
627572120
1436115991
2035888778
3750985825
3851165260
2919941435
2689825118
2100662565
479793216
1122911903
2016600946
3552963625
3918874484
2379205699
770311366
1183716717
2245294056
1705474599
241873242
3427651825
86742428
2038281291
419036462
3581878965
526701712
3276742319
2898541634
349851321
4143163588
1462803795
1706099350
773445885
283690552
850613303
2088182826
2399044993
4062585068
4035487579
1039185150
4136851525
366144736
2221292223
1840187666
1857131849
823107092
1663693411
2815341670
3150233741
4159301768
3141399111
369855226
2261687825
3616587836
2705104491
202678478
3316330965
1506302256
1423219407
1595951586
630505433
631121764
32295795
2361399862
2078788637
3512524504
2718454871
83158474
2166823585
4190139276
3790248315
729989278
1514123109
1382685056
796606175
3833921202
3020738153
2744403124
1407854723
3225564166
1964768173
3909527848
1041463911
440415386
1236335409
105528028
3777206411
3214414958
2383007989
3290246608
1266362095
4035585922
1524809977
187102724
1507002771
3511812566
3090829117
2414626680
2862638199
2654631786
978665409
1677923884
3048774555
921803838
2365757061
545691168
741692159
3575432274
2971637641
2647341908
77098659
36471718
4032546509
1817360840
3610251911
544255546
3409766481
2197816700
1857725099
460085262
1700986901
3599454832
2974466831
325702946
873222681
3459650724
1164662707
407812470
4074332765
3384737816
2541978775
1202706698
584119521
748030156
595242427
3794094046
2544111013
2723177152
647788319
735992306
3610374313
2421981684
498910403
745907014
1330389485
3908442728
3013327527
2718234586
2780456305
3545899036
59358411
3145296814
2793324341
3711616784
1414229807
1848070850
2488890169
2842919748
2940057043
2057191702
3750561149
1341982904
4156142775
1958546090
2262972929
3810610028
1723387867
1661322110
2800489669
3455024992
2394467135
3375480722
4220246473
4293925012
1272916707
839226086
1471483149
437832456
1147040455
2355433850
1467052689
285248188
3709396715
4020719438
3492089429
4166224816
3330616143
2603262050
3272746073
3951509988
2245141491
1160288438
3592239261
1204707672
2655712471
214568010
2530283297
2873941516
1056637435
2742751006
195210213
1837886464
2559700831
2172581170
1467306729
2234384180
1065853187
969167494
1935575085
249744296
1048591079
1090059034
1118441393
3919267164
3169853707
3151889134
2233331061
469606480
1577056111
685489666
1803445625
4145631364
3148915219
4174757974
3528588221
710609400
2722055415
1799282154
1726313537
1019265196
4022944795
1097673406
982504197
525183136
1009795967
489552594
2285263881
3435017684
2906531619
2660885030
2953876301
712776776
2601063175
2502472890
2913746129
2664583164
3902237483
3624240782
2352045205
274793712
885248911
2577574818
2632332953
1121038116
1197551667
1250801654
1945325277
3301638808
1587455255
1602453386
4016531809
3810849612
1084986939
2395215454
3430648357
1432139072
899393439
1487327346
2400646441
2538126452
1300938051
4016980422
3214093933
604814568
2533423911
3529260634
3267361265
105753244
697746763
2953173550
3492240309
1906686352
685293487
1676110146
3398539193
1498963396
594267731
590905238
4274598397
944130872
1920013623
754970922
211742337
2116122092
2099902555
2439500286
2116931909
1440813536
81533887
3830543890
3512671817
3111490324
3707069283
4012470630
4155398541
113028488
3010458439
3053164538
2418886417
2310362428
3447074667
1673985486
1606937301
2951986736
3695623119
4061263586
3418917081
3646250084
1314421875
2680035126
1520149789
4193575896
3233715543
2333881034
2127823777
2170439820
1959553659
54549918
812558437
990035584
3992559583
1687546802
408344425
468498868
470161795
2494787846
1378489517
833875496
3042835303
1903083930
138159153
649154524
2780670347
3341873518
1843071477
259199696
3038103535
2726974594
3688040953
1970318084
3400481427
285638358
322086973
3539913848
1888429431
2772452458
3931023553
4102253356
2065362075
1379252542
3892711301
4075404064
4177277951
1910255954
2437292169
3142987860
3477397411
183779494
1825464269
1478131400
2782073735
2854075194
20222289
1860803196
133510059
1647031566
1361623317
2823534448
3712869391
3350757922
2583239449
4099033508
2667055283
4227446390
1482046301
3767272728
3974808983
450110986
3612794337
1933106636
1738374843
2687493342
3451651749
1069418432
4058765343
2559330034
3446995369
2824468212
3208230339
2966675526
2304981741
2165858152
3520543655
2037417178
895389297
2282108188
3450129867
1889487022
2222520373
1722133520
1123487791
2818867138
159562809
815937604
3585795795
427802134
4258160253
2479132088
3839456695
4282374058
2989794049
757506156
2514231515
3273056382
777555397
3081217120
1758497855
1494101138
3257623241
127929748
3094125539
423251942
2377164301
131436552
3396498375
1825513082
1124211601
732897212
1414821867
3799231566
2794702677
178843824
2551794767
2111196514
2444750169
419985124
2105529587
1451267510
2070090141
2983224920
1264793047
3656079690
3408918561
3858019084
3848196859
1154657310
2057544933
3301871872
2981253215
667542066
3367066601
298873908
2338689539
185569158
58630445
2608468136
1689041895
2241955866
2892445873
2810993244
2106339851
1536221166
2051090037
679314768
1388091503
2006313730
4259360377
2955740548
2832126739
3554950486
3973862589
1406635768
1469056503
2789124842
1452334401
4115338668
3115160859
1665877950
1197820933
2774191520
3835241599
1831299026
2655970569
328411860
212637731
2168168230
412429389
1059971400
3113096199
961528250
3621119441
3712345340
2933128235
870245262
3863549333
676030960
2900948111
3081459874
2101673881
213378084
1848631603
3868374262
302131165
3875669912
2221401623
3550596234
1822380641
1188153420
4199573307
275297118
1298498341
1802787392
3717007519
2240724338
1682701865
1838166388
348761667
2863038150
2663139181
1243152872
639532071
1900137306
261497585
1115930524
3518223947
2001057582
4117992629
1178246800
2762367151
1417582146
2737627321
1498485444
3895131987
393477270
1318882045
746049592
2431833655
1165803050
161699713
1513147116
315574619
4061327102
1768704581
4249040608
1016462527
3244811026
2683348809
2490337300
2151994467
3929550438
196866701
1734570632
1264972871
2329912570
2179985425
3773688380
1404289131
3853343438
3599279061
2457019184
4227652815
1484235746
1725977049
3567292772
893922675
594547766
2859695645
962652376
2151208535
1396146122
233106593
1125129612
4071766907
1647442590
2621546853
351232896
1706819807
1696258226
981786729
282668724
799410819
3604524550
2036084141
2520068904
241990759
1469140634
1093356849
1445749980
643545739
4076719726
3696247541
4045207504
955541743
3254681986
598168313
3511574532
2014276499
4218354646
3511615805
1994740088
2571232887
3359248746
1034686913
2836906028
226573723
1856886334
179144837
1084284960
2164724991
2836373074
2169547145
2138383700
125128867
997195174
2774857933
699810760
2553943175
482265146
1133525585
3555143548
3207840939
3340702222
2106749461
442506352
2778006799
2205888290
2563367961
3053616804
3607673267
3294147446
318182493
2720860696
1729496727
3823923978
1094764257
3354374860
1522814907
3647898078
4252499877
3800018112
2055158047
3115201522
630981289
2431347700
4030375619
384179526
4053685229
3373180008
1440136359
2479886810
1667676017
533088796
398712523
1039738286
1427583285
2590282000
1340518703
2203430082
3918529849
4251249988
2092701651
3608492822
1664333693
3428848312
3099408055
1505141930
2766867457
1866462572
1443066331
408681854
3781756613
817088864
36465983
3076430226
1018096585
165937812
3598585059
2619542758
1674592013
1868977416
4165629127
3928828794
1593230481
2473702588
2912159979
3883141454
564559957
3511834032
166817103
2616588898
2638329433
907914212
2544993779
3230438070
1506601629
1520855896
2705290967
1358997066
3639796001
45123596
4274430971
1432242462
1195941349
895825408
2350297439
3062419250
1070687465
3272010036
2865201923
839830662
2781002285
1810191784
1956461799
3242071322
3632816561
479293276
2183938827
125287662
3322437493
4082199120
1774008687
2613319682
2670131065
47495812
1517356051
1101445718
847949245
103289848
2007287543
1697806314
832587329
2045340332
3633702427
1851614398
3823027461
3468423840
1346766207
3214202066
206269961
2835095508
1637812515
1938906150
87934285
1639163464
64427271
778751674
1449365201
1020099068
454331691
2515288206
1225051797
143249136
3377599887
1160250786
1049086105
439490852
4219638323
1330360822
3442802909
3691842712
3606390551
2780043658
3879418721
1620221260
3942201403
4114698334
2415098917
2933915456
1254255007
3471485554
3815049001
3161171572
4086079299
798145478
1946771565
1207518952
587201831
3139131482
1120947185
164484252
2178213707
1052349486
3580087733
3978527632
1186464175
1317651266
783034809
1188939716
3043897427
308509078
2912150525
1031623992
2654508855
2515372842
369868929
3595837420
3245906523
804391934
1213121349
1543068640
999546303
3572650002
1785081929
301825300
1561871715
1761274726
2280491917
1776170888
2468345159
1689760250
3960903953
758808380
1140150635
1640478670
3119340757
1363576880
3287743951
1649496290
2262571737
1736427108
3334200947
3889566006
4218378013
3751865816
4034336599
759614666
3193558433
2396385932
1805388923
408393630
767072869
808454272
2797756895
3054749106
2862016873
3529089972
2664037251
1454500614
2058503853
1720350760
1497300327
2628246426
2222880305
3837491676
1929235339
318679918
1768520693
3105545424
3877046767
518434434
3261045753
1858082052
1911790739
1619753174
2190432829
3416249976
884516727
3609714282
3295509185
3519026476
2095812251
1549398846
2230911365
1504445728
3562403327
1253509970
289354377
975706708
3173630371
1671412390
706712013
824576200
3194295687
1213453626
575660881
33080444
2759218603
440823566
2057317141
2093515120
438314511
380754978
3229527321
1665577892
4254952115
1097576566
2998660445
1587679000
369444759
1928904714
4035882977
2059044812
216998075
1575034590
3067607205
3667218880
3495336479
1598300402
1873218473
2584797428
3233781699
783047238
402484461
282650984
1335508391
3240337114
3218268273
3935985436
4058443723
4085711534
2824432181
3363272208
2333757999
3491420610
3296808505
1606132292
3024177363
2204022806
2679967869
1238341560
2204432311
1411477930
