87794828
1437734523
3178371486
3520935013
627563136
3661892575
2540005298
1950884713
1467323828
631326083
823962886
225058989
1690077736
4143310695
1512947098
2388062257
2404756444
1857967499
214019438
4246509045
529477328
1974154223
2133381250
1363629561
782272260
3217385107
2762914518
1990571069
3802032248
265425271
1907245162
3125572801
2410596140
2666961051
1994749246
635083653
1920784160
3432816639
2819206482
2365418633
4159507540
2056653731
1637579942
1362389965
3323009736
3112238983
33208122
534076753
4200330876
2842419115
2847568142
777012501
1360384880
2998489103
4147445282
3098765081
705701284
2068067507
3512726134
3329181533
2660868376
1002680727
2514493962
2035984865
481442252
1500457659
1046323422
1794544293
998187968
1742881823
1360511730
3690087849
3170816756
4148224451
2964921414
3119466221
4043111272
3533383591
2674622682
3213187697
3980824860
2459007435
2301363374
847676469
1327351824
2822274095
1767832514
75696185
2045645892
1144853203
3752065558
1502440061
2269129144
3192414647
1206506410
3107876609
1542323308
1621347547
1774361726
1845041605
2526462048
3156015167
2465704082
3597577929
1263724948
3895052259
828214246
2908926477
3232246792
1397514183
1072175738
2343495569
2713549756
129442795
452880462
679957333
1506741424
2284894287
2416888162
469645657
2363642596
2839019763
1013109174
667426205
3787063896
174596567
2402506058
1245692961
2433355532
337411835
50096158
531247333
1844161792
2639576159
1645305394
1438296041
1536249908
2648227331
712035206
894872877
1681566888
2426185703
1691911194
2258240689
3848844892
1784995339
2199493614
1394258549
2236719440
1219101807
430728962
1248655993
3851739524
1019019027
2290383190
3437715645
1194273528
3609915895
3877938922
3769018689
2477683116
1465991451
3354592190
2496780293
2141579680
2744225919
2798445522
2535338249
3126986452
1825948707
383441702
4287838285
1591508296
596901895
61128122
2525934033
435175676
2686625835
2573574030
419996053
3117254128
2745983119
2829046946
1058491289
447594532
2505313587
2565927158
2293445597
2764546968
530108951
1059440778
347807329
3481478220
2449085243
713977694
104337189
1575843392
719025311
1032993138
1004620329
1215106420
2913524291
2776873670
1574982509
2276826600
3912919079
2243217242
2245324529
888937372
309887563
3922359086
85532853
3010116240
390057135
3545305666
222637241
3604278980
1300573011
1989163158
1056151293
1001090104
582599223
4204706346
1657086849
1144006380
2943284571
1354148606
3500463685
1860850400
1396336831
4140392210
1229714249
4200227860
3168403555
3109251686
1174797965
166596232
43507783
3362824442
45399057
3224651324
2934860907
3023050446
3323211733
38879024
3849078991
606609378
742301145
3635572068
64510323
1581928502
2003864093
2701296856
1670758999
4042750922
722253985
2237495692
524806011
341030558
1960848741
3972300672
11955423
2530890930
681978985
3637643956
4210112131
1764878854
1372338605
1689112360
3568592999
490752666
2675317041
3644899548
3876349579
3967715950
784453365
178852816
339334383
428670338
2001444601
4075699204
1523947411
3238475734
1576144189
3186945400
2838811255
1838681450
2983845313
3132300332
3574393243
55415358
2545030277
3852729376
3679944959
3593280082
2805462409
8126804
3430317219
473510
3204121805
1797054408
144179335
1233896506
3529573969
835292028
2958717099
983420430
904527381
77215856
1840279823
635939618
766783513
204495524
4177847731
1135538038
3258982493
3484067352
4271829655
803761930
527733473
2681802444
1212545979
1603026398
31624101
1001441472
1327867167
1630121970
4131999401
2717927412
2582762179
4240136518
1868193773
1147355240
2336925863
2260405722
4122837873
259434012
2220919499
4202029486
4132748597
4232883472
2144869679
2946508994
4072689977
522242372
2297316307
3207165718
404931453
1733013176
3000771255
1800446122
2149898241
2222412140
1954225627
519551358
2688127685
2769479008
2351487295
3627554194
2871146441
34004628
3488299235
305547494
3903998733
1806233864
2379505863
2184587130
1205047441
1274024124
1621538027
1005503822
2932477013
3521671600
2629359951
287209058
3451388505
979863524
3105468915
1079955126
2002908829
1778386776
1492411095
3342377546
3291655457
1278600204
3644084219
3950511390
2206149093
2884784640
2255035743
3485485874
3205148905
2033698100
3739922179
660605062
1422575149
2954228136
2235377895
1566904602
3941281201
1423821660
3333746443
3270539502
3255954293
966100560
3663373679
2563412994
702759801
2158794372
1007628307
137819734
2613426621
284143608
3354374903
1594389482
3219526209
1857865388
2046399003
586490046
3766178053
2927038112
4126044543
3492434130
2404039177
1950022612
997733667
1461753894
2171326797
886194760
713883911
2913979066
3846986449
736613884
3155376427
123927694
3069467285
3145460464
314933647
2299298210
3599373465
681047332
3361127987
2342120950
3843427549
3913459864
450237207
3257406858
730269537
4155767116
3729974331
3612806238
267782181
3737721664
1455478175
1440622194
3710538537
1941471860
1578879811
4032821190
3764218989
1896211176
2060183847
2088653914
557783025
1723216028
3393819467
892227630
943282613
3015942032
3825298863
407650114
116684217
2094113732
410541139
1936700822
1461383165
3558928696
2964292407
4093609770
2740817025
2260958188
298337883
3464873982
2394378053
1125152736
3907537343
3510881298
3455155273
207116564
3277680995
1980114790
2271713165
802739080
3070353735
1194896890
1829463313
787536700
4276092267
742028238
346613973
1385473072
2954258895
1894894818
1382704857
3691094628
3942386291
2627751222
2577163037
112363992
746849111
1811335370
2813436321
1335053964
2749479035
2187940766
4253492837
3044353152
2959920607
2797814194
3941086569
3871506356
3955566467
2667259654
810701485
2423460904
1681320295
4282832794
2063155761
1111479772
3948836747
2154784622
1057687541
2618751184
2634839535
2976197250
3023300601
3100635396
40487059
403944662
4167198269
169833080
1968935799
360045162
2630567617
432763180
2821143195
552185662
556633477
3827245344
1968595455
784631634
559316617
3214866004
1541074339
1445394086
954572237
100443336
1265828231
168874298
3780161361
4065009788
2773287339
2041916174
3458709269
1752341872
2498466319
3960363042
2342058265
2581893028
625579699
716303478
1664416093
3146754840
3057529751
1340390410
3404889057
1091822540
3055602875
2347686622
3799155877
1362521536
3282896415
3048185074
3263453097
1737866484
2619786179
3128006214
2733209837
1469941096
2042505639
1090427610
442084465
616217372
3325270987
334741166
4240897589
1674547728
1169931823
659903938
2615253561
434601540
505640147
1298330646
1843141757
1277899704
1580458935
4004212138
1584349441
3038029420
3914755803
1499518590
1310591941
1390611040
3950557759
2079097490
2209988809
3276723092
959490531
516097510
338027533
2692593160
1075864007
4051186810
2220636561
1396090300
1805272555
4279444046
699450709
240506544
562362959
1570906978
206949209
3883973860
3145687795
755944374
1344262045
1092226136
541369303
959573834
1737070113
4185241868
3780124923
3542589982
2499289829
323811072
12680799
3051567154
2118040041
3413260852
3279986691
167986566
3596803885
1338324648
866232807
3706035738
1637897905
2338775132
923336715
2667271662
3618448501
3157093200
1582253679
2103230722
1748864121
3310898052
3487916307
2862445398
3855094461
1938044152
4084757495
3940565226
3666443073
635378604
3247825691
4146806206
197708293
2426155936
3683603071
2348531154
794510089
2359816404
3483280931
924472614
3613944397
681314120
759824903
950982586
3631088593
1861446396
1309133355
194271630
2911114133
2508083184
4129464975
1760374434
2665536921
2316708388
836595507
3673615094
2929518045
277982616
316101655
857629322
2411130977
3858288204
833598779
2001971550
727187749
2633547840
401225375
446567282
2018991145
664270708
4128422979
2498770118
2835252589
1110058984
1243703847
2923159898
4077732081
864306588
1511957579
281423150
1979552437
2523956368
2802257583
4139478082
59227833
543316164
3153038675
117650070
3462809853
2573891128
4251534391
3042202666
1129969025
2037043436
1562744667
3112756478
2423113797
3733626080
366619327
1915894034
2658862409
3505016340
3546604131
1181541478
2163028109
127375496
3945783879
1525988090
2680557073
2730586172
2295697003
779669710
534880725
2402027824
4077161167
4046420450
1299853273
2263144292
1285798771
2880064054
216808477
3812003544
1983267927
2297042378
2512030369
3017614220
4085221755
3618828446
4224851813
3480865152
4184288991
2535468722
1259224681
3511088308
136124547
2725798918
956066733
940333352
3044895335
3493946522
2967497521
441641692
2343864459
2559853678
3187163381
601415120
539170543
380721026
2550149369
3494225412
3330406803
2043949526
3589717821
387839864
2219201655
960997226
186691521
4244096556
675646363
2679753790
1380779653
3186509344
2862170879
2177889362
2337867657
2237000532
952327843
872068006
1324627661
3870321096
2450653831
327802426
3701758033
2346759548
2554565291
922781710
2265542677
3432972912
946516751
430507298
1650573849
590136484
269633459
1449716086
961401437
2991108120
1923183767
3319073034
198468833
1348647116
3003096507
2474997726
2628156837
3423605440
3581437727
514427378
3500368041
1572811252
232764611
3118191430
3835466221
2058078824
2918558375
2654349274
3176781169
2098384924
1745530059
2779093934
3588042549
3584456464
165895983
2692645570
2414273337
3124900676
333227475
1515221270
3938022781
2245966008
3494880439
2717530794
3827149313
1036385132
3476406235
3908957054
128353477
4027002720
3926694719
1309994898
4030024137
3744123028
872028899
654557926
3216866573
2938534664
2049991367
1571701114
3511214737
126958268
949081835
879460174
691764821
1595358128
647306063
1167708258
1742181465
3828216292
3228111859
3530737846
1107404957
3070759256
1884873943
3038723146
3292823329
3905523212
1013969403
2315992862
3826588645
4093352960
475914079
3833210162
592888553
2722148148
1536856323
2723840646
1243543597
2471001000
2882153191
3009030938
2058977201
3640915292
3412136203
3879351022
602692981
1561940048
3834111855
2539843074
2507920761
60293252
138383891
1069019222
988703677
3203185144
1774531831
1521225194
3230721089
152400044
1043739675
345332414
2797224709
1981110432
1685336959
2856397522
122670089
1403577812
961091363
2261258790
2441675597
2319043656
1003160327
1956766906
4294159569
856883196
1711299371
1979299470
2360855701
2547299568
1573110671
406969250
672900761
2401787684
3790086195
1460135926
1967636189
1790227096
396137751
1644736394
3511343457
3931218764
2618328635
3666101854
3898472997
3900466496
2119669663
1540489330
2640864553
3020647540
2240654659
1664381382
1204002413
1260547304
1731914535
3941428826
2336188913
3949353628
3522671947
1284639278
1315294133
2876336528
1884336047
1050581314
2466187193
294063556
1206566483
21671830
886415869
3683121976
417793335
245178666
3535429249
1814439404
2709973083
3787457022
1707622725
2438513120
3926920127
2845091346
1256754761
