1362470206
3742174085
3802957600
2938671103
1522851154
3852393609
3133127764
2171141027
905030822
548723661
1815530184
1569386375
3155945274
2091175249
1199875708
4204580779
3101073678
3722360085
3958473584
1208041487
2776378914
2674972441
1280234916
1653810355
1946296950
1472968541
3303756056
3926499735
3171766794
667294177
3066489292
2593921723
3846557918
400622245
1543951296
1323709471
233501426
1204532649
3383329524
3456881091
3836169286
4096243437
1383770984
169678759
2795811034
2525809265
3209117980
2998561227
3940562094
2748118069
273774608
1073245231
129903554
2893576249
3154428996
3649307347
668871190
3819035261
2666125752
3188085175
1647248298
1340202753
282766444
248036571
1765985406
714836421
3547754592
597223487
2783107218
830480073
3453327764
3404511203
3504585702
3998425613
3380468744
440815559
1614367354
955144081
2761305020
3000505323
1531615310
2005254997
2908404912
2657658959
1787165026
1630251353
449905380
678883571
909443510
1184140701
3602625112
1469977047
1754301770
622539809
214875916
3946409723
3876886558
134521061
857955584
21539935
387223090
2080643049
2146172980
3365121539
1099889542
419372333
6839464
3809384423
1782690842
1712420017
3306776156
1551748619
771607534
2614174325
3610595664
1499067503
2084280066
148007545
3948646788
3790860051
1072605526
476827837
92855032
1842930167
1268373226
1538922817
2185961900
326512923
480457662
3303294981
959814048
2147319935
1239946194
1688183049
2895427284
461943843
2979072806
569616461
2053254472
4252889095
3123047866
71180753
2188964092
2503186475
987877262
2004291989
1980315120
718557327
3745973410
1387576217
3293343780
2625830195
435364086
2767168477
410604440
4223582743
4206033034
2349239905
3707229260
4010214203
2077663070
2583854885
2010457664
4223624351
449145202
2358950441
880262516
475253315
3486640838
1526252397
244534760
1184651303
3108894554
3720109809
3529296796
3330372171
232694574
2503970997
1174301328
2430581935
705708610
1377475769
1347133124
4071365459
3442108566
3286763261
1354046520
1079489079
3645106730
843617153
477943532
1769203035
714529534
3827779141
1428816608
2492881087
1511296786
4181549897
205329428
662499427
2134481510
3117837965
3894656648
3748778055
1159844090
2698259473
1047328316
3723451499
3873195726
2750586837
3611094832
3447994575
3875491810
2118913497
1308695908
2197244275
2524741686
18676253
1130640600
3198923351
3199511498
2932353185
3565300108
4064597883
46917278
605724005
190590848
780819679
3426583730
332373097
1015855796
2643207811
3601865222
3629427117
2252046120
755390567
2936634010
3754789169
3830542556
1292195467
3116546670
1985494773
2381104080
3871982831
2491166082
2995851001
2417290244
4025255827
3872483286
2287369533
3652099448
1036173943
4134354282
1171082689
749718572
2097273243
2455618110
4272194693
2828250144
1906536703
698894930
2845402505
3792613716
3809045667
555575718
4097537229
3154284488
3630297223
3161257018
284194385
1974614908
155934891
779746830
54029845
2721441904
2797101327
2767117090
775004185
4247718564
3759396275
1662066550
693932125
1354520088
3366249111
1070964490
530580193
3769482956
2167598011
456420830
1015872421
251164864
3387528479
515694578
3957505705
761985012
1618789059
3714681158
4015181805
2963337320
3465320615
2796830170
2391077745
943150620
2353625803
2699694510
1700474165
541089040
2606239023
2126469314
2490745145
2415360324
4260705235
3827541782
1475818365
968187576
2925138615
3461730474
1216890881
1076101484
4200599003
2469915006
3399221957
4105344352
1734658367
1273185682
1878239177
1665765012
2188257507
3195828454
1331870477
3745423624
1083068615
457660282
2530410641
92848316
3548882155
553317710
3683155029
3895730608
380684623
2085987938
3970265689
1461073892
4162363891
1995505334
737044125
2042738520
2179617495
1230361162
2966297889
783979532
1745960955
2756719902
3113851365
3823763968
1042091359
1166244658
789848297
3696391476
3110444803
2872981638
1043543597
386113960
2741967079
999178522
1277337009
1263434588
1619910411
1922345198
3364379509
2922985040
785028463
3961111554
2718479225
1966294660
2164662291
1549870678
1628055997
1242128376
442344183
3426591722
750355009
605648556
3452863003
2892320958
1045283077
986103456
102392191
2483388626
2257332745
86879188
2045453603
3197552678
2307670349
2065166920
2956390663
2633038522
3032206033
187729404
954476843
228535438
3005401749
4202142448
3182260623
276017570
2212988057
553035044
1329966643
157031926
1460829405
934566040
2461795095
3866445194
1955755873
736667980
3005207611
3177135198
2977986597
728812352
996459935
3016840818
933479209
1585656436
1015462723
1198401478
2738216045
2191758056
1676532007
1222083674
3135670257
3671515292
3859972939
503480366
1176488373
689393552
1633770927
533425986
3314148793
2768786372
492784723
650765718
298803197
602579256
1242395447
2607068970
614530177
3855625196
596457051
2636511230
2415509317
3155175392
503593407
357497874
1738730569
2096826644
2109759843
3366737766
2700609421
4174283656
4288401735
3165249018
753587473
3823733564
1973480811
2208736206
1346853077
1782600752
2079218127
1149828322
4265072345
1611682404
2849700467
2442296630
956879645
1137981912
3814323031
1651767498
3173847457
2239233676
2929633403
3315696542
2055312997
3335312512
2986393055
484864434
2681316713
155004852
3189774211
4181284614
1016775341
4240491560
138991975
3922724762
3171988017
3826288092
2031576971
3530790766
3294722037
3256527056
861693423
2635356802
691623929
3300303108
3074472083
1520297174
411489853
546906744
1168737143
655034986
2726213313
3532136748
1742482075
1689902910
903871877
4191080736
3210891775
587183954
3447189129
3220285012
2184043939
3288147622
3555069389
27415752
1190982023
900858170
27270993
754176124
100528555
1381063438
3107333909
147737968
1907589647
1003849762
2782292249
1503870884
202933939
3335789686
2685495645
2539739928
2617516951
1217522698
484305889
682136524
3872242875
1549208286
2866607269
3611172288
3526424095
1946340594
1105053609
1908436212
1383183299
1205847622
1755441389
3466278248
3368032679
2042088154
1960909937
2755357468
3051129803
4280807086
1770874421
3934470672
3841699375
657753538
928451129
3112054340
1927963859
1327309846
1668320381
3646219192
1433523127
2591071658
1486008577
2004964972
1190878939
1113654910
3862985669
3041049184
980724287
1347924626
2991272137
55673748
3144915427
3620287974
2694206477
2127783432
3734655431
55141498
1964747153
3280950716
2788898283
2296336974
875509077
3881928368
4282182223
1503220578
84097881
2465164516
3124646643
2690710454
2590785437
1805368408
620401623
1678712650
1709508129
1119512844
669847803
1623183902
416453349
3187975936
204828255
3966134322
940059113
1833757236
1304137731
4204885382
3314241325
2171791016
496212455
2479803930
1150797489
2560069724
2023878667
1398769134
2615383157
1402018640
4135532143
3245076738
2585984121
2828991364
3030143251
2609357654
550273725
660464888
27681783
1624600810
958196545
2717633452
2905264923
3042667966
2539338245
4021019552
528171647
1888939474
1348252425
3160056020
2647758371
1800439078
3309886029
2577512264
1588851207
1622149050
161313745
3304856316
1385740843
1989183886
1198687125
1463418864
3301610127
1091853986
3858648473
3509901860
948723507
1434000118
1985566173
969104792
645743639
3224081034
2860671073
1089306188
2117903675
4061911390
3668078885
476082240
273557151
4182852466
3700476969
287483764
1144892483
415130822
831976813
3733444584
3204667943
324342106
3463753969
2120545692
3718747211
3193593134
27525813
4001641616
673644207
2935659586
1004351161
4149807300
546733395
387801750
3202005245
603203128
310850615
628720682
1985832321
1597473004
3333064539
2095650046
2138060869
3930737888
1052121791
2533189906
569144649
2689400340
3716665955
634590310
1077780621
3142404232
2676609607
3374705402
2170912273
2390368316
1196850795
2862940366
3107983829
3919034672
2728164047
3582372322
1393008601
431196004
1262660467
1566341686
3256396829
3138928344
2295084119
2821146058
1022753441
3498169228
905738619
1873485982
1183616869
3549526400
3468369631
1308843698
3384258153
2994840756
171444355
3916862470
3406093229
4011460904
2773441127
327849114
4105689905
1390648028
1093499019
1868067950
2165223669
3969682896
2050164463
1931511682
1187356921
1257002500
2602101139
3642646998
3957010237
676833144
2421441655
3550271338
2190745537
4235490860
4290411419
2554985534
348092037
643692064
2825204479
382411858
3778705289
2758318932
1859538595
4002472870
1337239245
2367035848
3109810823
4159376954
3736324177
3175703932
11829931
4099717134
2413289493
1874506352
3102909199
976237858
2522821145
2980803748
4137760691
1867192694
1273643613
3906625560
1948738711
2806135050
2944390369
3736561868
3681324475
2024646622
4073778597
81248960
2008831775
3720133106
3653030057
3869893108
3018499267
4094296902
4027908589
4234771048
146250407
4021245914
3651224945
1397981212
1064541387
3583626158
1080270645
3206162192
753094447
3508384450
622613305
2291721028
1214485971
952803606
2517493117
3452463288
3276641463
2524932778
268507649
116566892
77246427
1186866046
227079365
1697046368
2898823999
2202017682
2290530761
4260198548
2247953123
3972657894
1911418125
4164692744
74076871
3896471930
1674072721
782887612
988989163
1660399438
293203541
4209175472
1745685327
3528523874
977601625
509387236
2129134579
2189752502
571349149
4232692056
1355732183
2294049866
3563056929
2563653132
986505723
3965939486
3048180709
292768768
2073153375
3686618418
652227305
2195414836
2509603075
4290294406
1057450029
2411080616
1635523303
1124293402
3748720561
4243891548
3032088843
2690540270
2783104373
389873744
3229079407
3425836546
2166441337
3583946884
2360771091
3445760086
3954367421
3985009144
867378423
3647028714
283399233
1274159276
3247121435
126192318
1611444997
2816805024
3693093759
2946259666
1376861193
572233172
2537293603
2277392934
1697215309
637500488
418706183
3580040378
2464357585
4292587516
4065413931
1169548942
3295034517
3696256240
1345041295
1093208994
150541977
621219620
1750536243
3460962294
2462330589
1856397976
3338831127
1473634186
3184937313
1812353868
1616737851
3926685278
2775083557
2594444608
2323351455
3141873778
190960937
2622889076
1131978051
331522502
2518421101
1916804328
1742527271
3905330778
2825312753
218565276
3175130443
3202759214
1473002421
3863288208
4113604527
2812135746
1158969273
2537405892
206679635
1847910294
1527386621
2698095416
2848257335
1199722794
3078475393
3635598828
1657526363
2581606910
1116385605
802714080
111934399
2938099218
3088711241
3325227796
1456685923
1722667366
665270669
2141195656
3476804423
982906874
776218385
2384377148
1661996907
735534542
1859963605
2772639280
1368300495
1777882850
213608665
3404381284
1999527027
3386537782
743212317
4180689880
3204609367
1607373514
3189957537
94349452
2556316283
3504913822
406554725
2175409792
2495184863
798247858
562149225
2287606196
2446588291
