2153459763
3409950710
3908914909
2991391384
976790807
3797254026
1074882913
3083268940
2565183035
632690270
3804596773
4078875968
2222303135
901304434
4110480681
2800756
2902768963
1688224198
2669489773
2047786216
3239770919
1370373722
3857316337
2339351196
2018559307
3413629486
2700172213
2280110480
2519908271
3447286082
1392220089
2193251780
1231408723
2901049238
3906155005
382225208
2332759351
3369201962
2722688641
3552802284
1650718811
1364840958
2843201861
77795808
817241023
4200822290
474553929
3277296404
1768907619
2908451174
2352503181
2378083720
1518990151
2387449850
945243921
3486995772
3912249195
3896049102
2240932565
389398064
1721809871
3567515362
2033354969
3820444772
3780279411
2993690422
967157021
1232528344
2522387799
3220058826
3648914337
3623897228
1728473723
1815240094
4038633573
2059714176
1993580511
866642866
3359692649
1187953076
1434458499
468021510
464786605
1773530664
1501035367
583057818
3043370033
2916306908
242723211
883093870
1755646453
1203049168
3698313199
2115785858
775752185
3771902724
1252604563
750288598
1732028477
327208056
2200511863
4078060650
2314774721
3425004332
4199869595
3827808574
3176140677
1135328032
1591096319
2045653330
640688265
2268606548
901701539
3676717222
3948437453
3239870152
3337425799
3027221306
861835601
3070990972
1034892203
949859598
2700261653
831371120
564651023
474645026
291707673
1085557156
2347894963
2695607926
2707438429
2450392344
3162817943
27665930
1006689761
1272634828
4090986171
3676431582
939919013
562038720
3032864799
1503545074
3344890281
2503735028
3534992835
1241899078
1022180077
2602196840
4025564071
1556251866
1820888689
287847708
1348390347
806439086
2839738421
3236408336
609292335
4120281026
636271673
3724818500
2947868371
3341925910
3151519357
910593464
4050875831
4279359402
1541317377
2261295212
2937463003
654893182
2913111493
2859050080
145394751
1394617490
2702533321
2508328340
4175862755
4218179558
4131038733
1389858824
1703703495
2837519994
4281080721
1976639420
2752411627
182824014
543016789
3052073136
2524138575
1147686242
3542216025
2808772324
3296318707
2368902582
778899869
3310511704
352138711
1925011786
970586145
1083618060
194564859
1371843614
2397938917
1217433856
2928431199
3671843378
211508201
3232920628
2027917827
3057749894
2701697325
2541490344
4240882663
2599651354
1838233777
850287196
440807947
1828904942
3372951157
2764014928
3994458223
925362946
3830099577
2676950404
3704148755
328613206
350639293
1482264312
1579812343
1477487338
171629889
3505198508
1827116315
2570930110
1890536453
974966176
3195217023
1496934354
3342394633
1668623060
656840739
1970118438
1797205069
1815077192
3467121671
2812395962
503309777
694674684
411958315
2924536718
2316506517
4119685616
1698886799
4030552226
2293170073
3709461540
254402867
2940515574
789325789
1552156568
1208083991
510905482
3846787681
594790476
3129632571
4015698782
196051749
2436258368
342296735
715177330
4063624745
3732025716
3695423043
1742241478
642140013
672858600
943225895
3096693594
1522541297
3483746204
2288899659
3669473070
1849529525
3833372304
4194328751
2249233986
1402396857
2326991556
1982136147
3911580822
3769010941
2465845304
2441926199
2840509994
3343734657
3084045036
1611221339
4194627326
1018579525
872756960
1349516479
2675565330
316319561
2790361108
1958663267
4033490534
1212543629
1986359944
3665818695
724673786
1377431569
789572156
3614294123
2988399310
2756879317
2176131888
1851186383
50963426
1011503577
3875705188
809643379
2116162614
830307869
283306200
1037227607
1342799818
2425285793
2712804748
1290550139
321125022
76259685
3702612864
3600154847
4230797490
309256297
1136340660
3508537987
2785717766
3940953517
1446458152
2592504935
3504557722
374689073
3847120092
4145396363
2825899630
2132427509
2975791056
1213098223
1703969154
2651935481
1152409604
1611230099
1595997142
3445162301
1063735672
2480662135
3725332842
89526721
2293874732
4105911707
1218434622
2281146501
425910304
3470857471
2032246354
1044031881
1398220116
3589230755
1403125158
3421436109
448283592
2706642055
4010854458
2646227537
604581756
1559086251
3851489806
1968992789
732044400
3522102543
2685218594
942924825
174358180
738376115
2970268534
67179613
3685681688
514852503
2461954826
3454715617
2828120780
1325289403
1549828574
264372133
1279372480
626604319
1119892466
1199964841
2244832244
1807001283
4162329926
1294488557
1796252776
1542503591
1059197402
3264264049
2968013340
41803467
1164649902
568406325
2091290896
423670063
2565319874
771360057
2999381316
3199604691
3435608854
3376265085
4142011064
2908174007
562603178
1989479425
3504469356
3611128283
3293445502
145950405
2876623200
2315676991
2037422482
1134095305
2680554132
2130185443
3327462630
1952071437
1114133768
2070181063
4001311610
1126220945
3851662524
1699612907
1474693454
1131446357
76830128
4031475023
713554530
111916633
3430919140
1185646067
1061065398
3033983645
4129844056
1389983447
2983372362
1872552225
1699907596
2365629435
2857388318
59940325
1093088768
1894822239
832229170
2881185001
2045307188
4293379
625003654
3947674157
4024915368
4105649383
2660242714
3249693105
2947772252
2263237387
1625930990
3167903605
4153633360
3977722223
592844802
2911958905
4197890692
4134208531
3378035286
43298237
2460619768
1715390199
3741612010
222971457
1569417900
4090488347
3964626110
3039347973
3950899872
304088447
1940313298
1563782665
14557140
3826845987
2948815910
4291282253
381003336
15799559
1690095290
3297611473
2431613436
3972959531
1482571918
2496581269
1573637872
1772885391
1169819042
1911670937
4069792036
75272755
1610461686
2453602525
3650030744
2190419735
3095796106
2279947105
1161076044
322123835
473124958
4131224613
1554120512
1771858335
1006414450
2572093225
894281332
587636547
885308358
2744344685
2918926056
488242471
3396163674
3053079537
2666517660
2693719883
3928724526
4130196917
325419920
2215772591
1209779010
118892985
2151663556
2875732051
739604886
3885884413
738153784
2261948215
3250555690
4222992513
1005985772
1991416411
2145651710
3281568581
448486368
929947071
2063880210
89141321
736066836
3113370979
3073174374
1819773837
14694280
171570503
3439964666
3829438737
2203877180
800018795
1983494094
800546005
3364390960
508624335
3571667170
2219186905
2179057252
699784819
2324173110
712595229
1059253720
2517702487
4061711562
1761858977
4118278796
769002619
290035614
1040357989
2146568320
4288438751
354796978
2860575081
222012340
2823027587
1843653382
2486978221
2928441384
3445161319
3724139418
2175301169
2078112220
2880949131
275819374
3023272949
22863056
3731950063
2323164802
1690934265
3928102148
3253574803
205355222
647584317
471979640
391292791
3036274282
3021437633
3110212908
3425013403
2118906686
2856518021
3127772448
170915327
3804826450
4129895049
369760852
4087595427
3285301926
4171862477
2854750408
2944341383
3802518842
2759451473
1511703676
2855294379
2159570702
443165461
369787248
779757071
4215528482
2280172825
3215504292
3130485427
1981657206
1271262557
539234072
3047114647
3922378762
2771955681
1667008460
1764303035
684924638
1898051749
3428274624
1664129567
2958434546
3113290665
2532499700
2755237827
1474189894
461860077
987425128
1035222439
880123610
1190977649
2210160412
1151397835
1123615406
488860213
851015184
1014256175
2913786306
820727353
488481348
1580943571
3239098390
2915504253
4233205688
1610545079
3824382378
3903812865
1661946476
2691220187
650582654
526876613
2346053216
3668332095
1043662482
704672969
4103993236
3331161571
4243704294
580769805
4224522760
1224766919
2698066042
1199140241
4067051964
412195307
2266654286
2603039061
1469168304
4201090639
471574370
119111513
824762596
4217452275
436113334
73712541
3050467416
1232713687
1792799562
247712289
3156368652
2439804155
1108338206
1708889829
2735856384
77140575
1087224882
3770641897
2813550132
1797747715
3119778182
3618951981
3693517480
3865820647
1763746330
1748470449
869041244
1200247819
822385134
2537396341
1488670544
509336175
3036169474
364593273
1047687044
3834721555
3788453718
2875655869
2781780216
3910633463
3119269098
2344464193
104710060
3753654043
4170547646
424033797
2419267488
957408895
1619542482
3675649801
1020990676
2794420771
3385661734
2828295757
521104200
1862145543
1120656314
1333737425
1770721020
1997741611
3634339214
942573461
3730715632
576272015
3668619938
3424162201
2611105316
1884504883
2909449974
2727729629
2037256600
4192233495
2156684938
3085247585
1829335628
3001026875
2084564318
846165285
2774639680
2484456095
969709426
2051805225
1421679476
2437779523
2607085766
2802088301
1538231272
2143256103
1463477594
2274915569
1229842844
3501455435
3386077486
3368158901
1688365200
1147642543
3818582082
4252594873
3009445060
4180631891
1169749654
2377727229
836295224
2061260855
3794032682
3481414017
2955769068
3059739483
3002542334
3458153541
147161312
4121935551
1560460562
2208938313
2751558164
1206498915
3517163622
2295145613
2100231304
4189582919
1138081530
2127249937
482153532
32825963
76027086
3082819029
1001385264
2257526479
439418338
3777356761
72678244
3719139187
2812415542
3029938205
607580888
2937280599
1981553098
4074552993
592562060
432266619
916665502
756912997
3028725120
31900383
1318236850
544666217
4082112692
3941330051
1131489286
2813747117
3266690344
32472679
436496538
2271190833
3246427868
1012784267
1017481326
2549134581
2276377040
2933369583
3168066434
308667641
556255748
2153106835
68023766
50180925
4189084536
495806583
1205578602
641524673
2921228844
2425610139
1428951102
3023207045
1993157152
549639935
2263119954
3724262281
525406036
2665231011
4222973862
25701069
3211513288
23991943
1596908090
3617426513
2839566716
896984747
3658730510
538698773
1086776944
1195984655
4260268322
2424403481
2961238180
1202723763
3219434870
145671773
2943161368
2438105239
3603631370
1374329057
3426442444
1381495227
276413406
3961909669
4055955136
2118908703
1918897650
2910852265
413947380
2353170627
962107206
940213741
1517891176
2772156071
213724122
2311915889
3651433500
650641611
4172996526
722051893
857758480
2649486127
65406658
3200292665
1829263172
2655287763
1947088150
4185155965
2526354616
426424503
374488746
1110302209
2370871148
446174171
510932862
2176841925
2609517408
176828223
1902998418
3830185417
3825855636
3752259299
1866630886
2433052941
3473268488
3730863815
2417444218
2620790417
3964985020
3453561579
1753400142
3078746709
4276297648
3301420879
3911406690
1684752473
627447268
4070238195
3983707318
2903940253
1414559064
148764887
1842954314
2806952737
2500211212
685524475
3909321502
1170771941
3192946688
2038788959
3631524146
1000830697
2584859444
3381748995
1146832518
4131449901
2889473960
3789831911
3399823130
4045452209
251238748
1815241995
2907928302
3897348469
406271056
2447670127
3155063298
2898889081
3158451332
3074123283
754562134
2673696701
3787922936
4139010295
3100119530
362092609
453252268
