997448824
2618237358
1911621330
2868067218
4063759624
82367529
442663459
676790515
1306367274
193340781
3447886228
1606366488
2016941266
2681077137
2260349793
1966620483
1982790386
1475755253
1246215007
2355913685
3138738854
875987797
821441340
1073545616
2161178274
2704520411
334300422
170996021
3779855295
3039295350
2318020904
2213759632
3850765079
128868893
2562822
100220590
2937965012
3177656614
2284499459
1682052292
2974275263
1797058581
871822271
1398240552
3554199245
256246353
1198178897
1682861202
1557686019
1090004611
63710107
1805542907
3410091124
2224138431
2296745881
3060582470
3674021821
341156737
2117215255
1700315666
669528959
2454590091
620091915
292432580
3507933076
1089994176
4011566085
2671597604
1110431616
3020871272
3730728690
3713760029
323015634
2950415427
855440152
3423907208
4131148513
4252983372
62318497
3424383103
2320958648
4004156710
2667386205
1620182938
3640667105
1248033157
2833783436
1967644800
3345173472
2256143805
4163589188
4204341908
2194471932
3557720488
126922762
996610125
2869009663
666846277
3585341226
4157568862
7972268
969803727
1699397472
282391184
1333044308
848375195
136658357
1497773361
3829216217
318523370
1924829411
2969634780
1826572277
661989647
3894485067
248596328
2397375418
3857732429
3601075579
2947213901
510741172
3215276212
4114529431
609806866
548852324
925422360
2436298128
1308206156
541506889
3269349344
2988319084
3926264237
164935801
2780467030
79263033
1376021007
3557103720
1887843939
3052641073
1631799066
227540827
4042163296
376334067
693003834
885065770
4242431894
2371435480
1795594797
2232235254
3115714544
2565351807
2211581161
2777654506
2066697128
2070957579
474149738
3066141210
3649482743
2637000071
3227993682
321169740
1986090325
3752600283
1484285190
4262657405
2959912084
2607649079
3703412021
1691926328
216464724
2016152991
1415167841
84822147
2409701597
1747009585
142175418
3496187393
4202626219
1148956085
4027091404
44525291
185801722
2782176810
3470116202
3157832352
1391043234
2171157045
938096310
2043298921
3564849659
1843913875
1253276512
1093223349
4211649506
22568327
3476782331
1106297526
625874264
2851894119
1230070989
2237520746
2825210642
446427703
204627910
3269729580
2272962994
2579491364
4122886109
3013598714
4097906949
675233531
3545136904
2105071592
1004777367
3178264633
1122866261
1559744340
216407040
1635144464
3785543091
2501747156
2177816660
488998397
2245743426
2691310079
3598642095
1895132478
2866841417
4170840894
3009832622
1552764887
3747845052
2719817897
3768995444
1968494202
2821257152
3417988036
355619252
1263242339
1519227134
3627786730
2938038340
1162361515
67189665
165580069
1734718461
4282194477
3367707167
3994766806
3349375694
2019390179
3184622716
4248540928
3595891473
579917297
3401934314
487279286
2406268273
2849284488
1843494700
3438035588
1678578856
953047738
3993469823
4172847229
747486852
133745456
2363944517
1693219264
2576266215
3801493680
2249447298
3341142711
3334257515
2098025053
52447729
3318626203
129111943
959323109
2428109654
3404306691
2057346794
2084441893
766979793
3918098781
2049298877
293499000
157472649
424762459
4259666151
523289125
3629012764
1257796276
2473492516
383498004
2148151077
797751186
4173391698
1368042501
200872698
1509386172
4114222800
763680539
4170057366
2072899219
2985422403
1880825318
3171455489
2816404821
2613404018
2620336779
2223640091
2835287522
3226814716
165907494
3390866461
61533829
1941488863
2252075510
3478582293
3158498516
1171127245
2943991805
2925720357
2831506243
2683143590
3898928929
423067942
3812764539
1781961934
1054717286
601889445
192397701
2191976943
4067095480
1635163238
427415956
108941012
704880885
819826417
3579476970
2989408386
205424507
3958992710
3847498377
2948926201
4239020466
3257338490
836049305
1160785193
23662935
4248955018
1452846414
4018055666
3221067529
1653821157
489359182
3336773737
530901584
1526492406
1971563184
2646409710
1609155951
1442930258
3949000548
720114194
1335835254
2837348333
1216947577
1854746878
2751023404
1710060674
976191930
2409180168
2060884258
1037617265
119059872
1548832475
2323670752
2941290839
890966542
945200185
27674017
3096027580
578601318
1613432042
1256859316
881514217
2996506526
4288913991
1709276999
3037659157
922662006
1905025374
988782552
1958328606
3598730040
2963597734
729838063
1723362228
2058252303
3114979697
1420830573
320193522
1022338990
921965752
3782549613
412500413
2223278685
4082033328
3668511739
1476939253
3051185933
3543365613
3792285340
413740560
678484329
1974453379
575537138
3485482872
1996706748
400808395
3152965963
932866967
3076554979
480605475
2626673847
2782354109
1344351135
3213862508
2867888344
1292940760
242953259
3021483248
24769763
771960535
618620315
2542126173
327898432
4202508259
3200198819
1326423469
2755961187
19724885
1641786370
886653694
4221162531
40625055
3708194125
1344397209
809175229
820242282
1101788972
3339221869
808151121
1316656567
3991834106
2435657621
937463098
1101422440
3901927022
808635473
380818101
958450977
2676792989
4198818814
2681602556
2304661843
509644318
3317296485
2925947422
1631159268
2732509051
3059105988
3240510482
3092999025
2333605741
295715440
2904948029
1575460899
468439381
2539776825
2834388819
2787276815
3092746314
4250780575
1996487937
4248235528
2655328434
1562511957
3221782782
3250933982
470043447
4035344337
1732871903
1067820092
4060260020
53696349
1045961438
3411411825
2254145015
4042725300
988823433
3191948452
4068957615
884133082
538579732
2272059771
69124193
4189368141
4236953170
2175523338
2770016017
4003056042
1331348496
623923560
10924258
1820974927
2662034776
230941252
2061329300
3260949571
3516150358
1341827413
2851184645
3914680176
1483891791
3625176489
1821727822
1560699924
2766102543
4126914093
3257982946
480723083
56864159
2095151290
864657378
531664830
1016461813
2768749376
32293482
3028015892
1744855219
1318163590
155926007
1618525113
3317384983
3295302999
4275568766
1463475360
259880611
4049873960
3260405469
913266456
690668657
3121692113
251459759
2771234331
3935664614
2585761735
109152302
1408020172
1412106105
1143139037
2441650732
279088507
3102129628
2162553886
3266094709
549023091
3786153729
37318425
4070509912
403436546
1045381311
2078640706
1621889215
2151006656
3439971363
2974812989
3364970654
2038790002
1887377455
1950490858
4276686051
1236986332
567812434
1863279286
1485212515
3330951048
827822748
2752819710
2243541873
2206456976
933681511
505998387
2649136606
2908903490
286319861
1065743717
887135276
75729989
1610285945
1119067474
455321945
2326824028
3362353903
4010077095
807012388
3316852626
944181321
718928263
1064912405
3924928777
3385988238
2427238046
3254232725
1488947691
1042327287
3574189733
1379844199
1118027390
3606387251
2994236492
2940167440
3151939013
919169140
2525372614
1957583738
2040990343
1425169040
4041070665
3049784517
1929774566
1769007850
3531757648
457248695
3386480100
1716485195
1874441890
2467951726
3512203997
3319353866
817861438
1720994612
2178185783
3548779376
1245903545
3396940017
2057019693
3023795703
2880630325
2269834586
474152983
3113096202
2815471785
4036758152
4074493486
1572281828
2394122101
2222957421
3760977529
4141906418
791853462
2855409954
2469329855
4257008180
3001312278
1727071825
4092948649
3744574222
2443530663
2973862225
2963867337
3639498128
239481944
3237628627
1693628922
2272228291
3164422514
1488504463
2380289937
3842971059
4256549584
3556215500
4264126696
853484877
3977516437
831079193
3578295384
2786858591
1880627900
430540298
2356163426
3915395088
1000420614
3019145351
3577875423
4174067080
1493528801
3365538959
273845417
1815316877
2255425558
1963326486
2022698263
1060129605
3458745857
3607072628
1123355002
1131285469
3380863096
1517023138
301996475
60706454
398236999
1866081000
2004420066
3165563846
58246250
227751442
1210382359
3504580324
3114525988
1243324657
4228295684
584344517
448117033
1788587494
1252950692
1518119322
3824485772
1918494230
813523479
1110544395
2547917122
3422129866
3149623448
1606139797
3789687053
461165893
2447104643
3394763941
4176614779
4002082393
2660454877
768862715
799917980
1161997435
39301537
2094054062
3741872865
3094044573
2256191731
3168460041
801270316
4137762488
1243189965
3412886584
1202758537
1956070103
1844626197
2689944156
3109910193
933971361
176244230
1522539827
2763238356
2990628300
4146099189
2749364166
4185374403
689585520
1784572286
1378745344
2108854288
3711715154
559224398
201846205
3196622109
104190378
2435085339
1354199616
719096445
460281283
2894241237
3334137250
2745767267
3236515967
3445760125
1302664659
3113619930
1036386486
4118533512
1117598411
1857553169
2800157817
1782972018
165252698
82114491
4102556882
2696802244
4171294711
647059183
2018675779
2115827653
2267877093
2376319839
3455649299
3321315098
1978193849
2834747160
3720489383
3475865058
2577988442
1811706089
4283515524
4232978640
3899753204
4021231204
1921599571
2382915908
1426993032
1817807795
2905700017
3824804041
411796066
1954101459
350616594
3187654759
2711155660
3188261484
1609137053
514901370
3898128404
3965932060
1173109757
844434054
1415337322
3109753007
3196177280
3957373124
1484502106
1204071818
2942090483
3958150173
848210217
160701763
3217067728
3857770411
3777699910
3590252437
724455210
2532878226
1441017999
1403354605
3131260787
2689398827
1297746459
1237277026
2952815473
2293991072
3362256011
2555371891
4104485765
3731750155
4062218620
2282821845
730242738
2149208248
1399619283
2285376220
2689728931
2622540910
2460383231
1293857523
2069142538
1776837036
1930446083
2668193018
2881932648
818631087
3759949210
2095893660
1094779688
337439321
2279735806
631335035
234365786
605792065
3389455611
124580291
597002968
995228349
3822305071
875696193
1617216108
3111745543
3374107876
1023114716
3658427208
3600595393
1719768576
2233500644
3442222323
3133794013
45447995
1452566719
208247731
304734088
3930619070
2559688616
1720855500
3462171694
319755730
1042332792
3749300416
1705894636
2871702557
331241020
3461416476
2138697181
873725420
548900068
1725152130
1753889187
2574688437
51439038
1719663085
992135460
225485721
2720864364
450512972
281978330
2072680010
2003926018
3013120469
3067960834
2165721593
2021506603
537629505
3847633993
1692870974
1760814216
302655026
1841695130
1029701268
3813766914
2465862294
830170705
2024176826
2167692796
3513665761
1115822107
1451911601
1238960758
2147092601
144480923
695630406
704601838
3408297303
277966130
2151883063
852584217
2005877847
2176208240
1004343980
2776925780
432215324
2932384357
1509912787
2606017555
2757780001
2718172765
404612880
2664507949
3673518188
4006105110
296100717
2089185346
2203690577
3751540319
373147172
2901816963
3322730335
3721124376
2564885468
65739076
1518271830
2300498779
32349651
3083419642
1470952081
28665518
3948394299
678715199
2460624007
2193523842
207420814
3649866033
