3678055006
1827567608
324831576
3721793775
1279063730
1090404650
488267758
4235430986
2958624605
2299920096
2360315521
2084649905
1114822093
1774244130
3167240664
3176936047
1135357879
2496262348
498590423
763022946
1735905225
2705757060
3640723760
3247731380
721959812
3292667414
1327838945
4249339597
4077982231
1769673301
808737022
2886960671
1035392734
2767979519
3711342103
1254580146
3734557313
1750229575
173853494
1635969054
1993821422
805156578
614070618
2864533620
4208587920
1798948290
1482282280
3792791371
3146730915
2879649189
1932339667
2609597699
4212021868
639486912
3690253226
3196697111
3125991395
2089082747
4252393967
877712330
4019133814
2298757431
2380200020
1606429330
802700820
494151885
2247324232
3695245236
3124373932
2445596856
2497511735
1211281655
2375322320
4145671108
127147369
1867367112
2257072259
3678189665
4057786435
2884512737
204747745
4018288107
1659344903
568922858
3943940953
1244396102
1950253104
3010320240
3395799725
4125997995
3858387505
3419425815
36189693
2804473458
1488912617
3743583150
872581742
138618002
1139100069
3521721441
2616640841
3234211413
3537817913
1362169306
338313779
2706489818
4025512638
3625327533
1352447161
1356882188
22116810
3168919492
2280847903
711624956
558393852
3217998240
736686066
344920965
2869139475
3442887880
41732967
805521764
999312738
3573698980
3688908953
2159339094
1714075694
300260250
1285174295
3956301381
917242070
65759120
1558490181
672458452
2312577345
4133515647
2121622929
3318790869
3921409146
2902796212
4156807984
2261665483
2555545159
437165034
4169200781
449226397
4093512523
1166723923
484087032
2335722767
806361026
166443636
1814823108
674603872
3461025283
3767405190
3778686230
1350115816
4001501645
456081776
8828890
1189411905
113629272
3742027332
3553573761
1138224754
3169979796
1758399624
3785606285
1212398710
737054849
47994733
788796723
2144953689
1797998337
883672071
987910004
1410396536
529912515
2696560258
1436640299
2453910343
1248088246
637034402
3164488089
3526214059
434779297
2492183333
3546206090
1832553880
3925337904
853888871
1617650406
3073921656
2454437649
2086200976
1044042407
2341274882
1897836621
458343797
1506097751
3129169201
455835775
880751913
3972952504
1210480291
2827165534
1549041163
3598376262
2766712313
4066562442
4199416106
1913306521
2437914719
1282407704
2940450056
2741580340
556298368
1935956336
1336975039
2077526800
3994549770
2660907491
3160270386
210403153
1188895397
2844344231
2141171345
3536727335
3894455994
1088243137
1646395963
238666672
1584396789
1821024900
1144192379
550590216
15808678
3813389589
1502009444
159172504
47883997
626790695
3188824878
596525612
891650538
2370417553
1157996710
146351947
408846445
3673620601
2602564990
3237344134
3650422307
4213668579
1896861223
4109909140
607096085
1753416566
3051121359
1825601112
2375730613
3680229492
1162482043
47868493
604138311
2922500624
3275740798
1353660858
4228135248
1357338452
1738749794
3198185159
2298088623
2713106028
1406909325
943184549
2077744547
620800428
822880372
2819635524
1278244175
3469941601
1848000723
3849102094
2312177578
1692497870
3962355757
2317719483
2367345148
2384391021
1357443597
1799339116
1465946070
3325011280
3163938336
1979404795
2947107442
3820698666
2510516095
2820735561
1463903959
2224784510
3206260006
1131082894
682738486
141583751
934375011
3093847679
845380113
39208794
1982950491
2574159026
1407842891
2384868156
1720307728
469572154
1573197139
3375899012
821032483
3711607297
1227065593
1225572191
1170648566
3019385534
4233661250
1892284704
1498752687
1362650126
3149711674
1496508252
1862084871
2308711017
2081314456
3836794346
1999611007
1405870676
3609407824
564847967
2167926191
1774345183
49040628
2337392897
3932677748
460804300
1655127848
2040403396
3526502345
1394169010
1869419209
3301133962
2772700756
3431982445
2793919842
1892538168
3251856543
1816576934
3366167630
424969416
2648078366
3271677572
3436214472
3930275324
4277809386
1838410336
1259126995
2040416005
16676831
4243723941
2172889588
4110370956
2698804087
1480142867
1574142333
1523812237
1779949108
3325869622
77938340
2493443771
649315700
3705415811
586600337
2098599671
2488609411
2507979277
1834477006
4158614606
3858522549
2141082530
2028344138
2161904236
3347966476
4035596081
2671073619
1343436168
48627041
1721028178
3941109016
4113557827
3178346789
501586576
3539108593
3297719965
2612950796
836597036
2255379353
3078030402
1600868718
3547123674
2363581618
1284823167
3071701486
416943003
2615465090
3856704503
2859941700
2542940378
3374116346
1895268328
2134053272
3047478213
2106889622
1884408023
2849822110
1351251408
3565501047
3995788544
3371954393
2688891933
2648552895
2968490701
1242386164
2991992097
4089724448
610267155
528049981
2694022988
3190008009
4085379646
4091001781
1143370151
1915136008
1937600682
4038063001
1638781689
803701863
3556640860
3185327829
4064448387
3902929919
4282195660
3522304236
832862365
1607916539
731434667
2963506151
1036966944
1007567047
2938662440
1291668454
1605348124
3649710758
2262789650
2856045231
1999075618
3098787245
3738926198
1745540710
3467137926
1427727136
3730293409
1403328870
2029118465
2857370867
1603654648
2332196402
3037758205
1514824869
1684167413
4242090981
1185302976
1549318719
3835550415
2400638187
2213008250
341717214
3662322780
671839408
2499427407
1247096961
1550045914
3866718790
1928528174
1404581205
4146189132
1244975102
2468610092
1564644448
1897830271
90569067
610070383
1158950840
3813715365
761240296
3223971307
3753636804
4239229045
175978135
92415770
1471332448
4220605968
1363540750
1543514048
479331884
1151642198
3832045446
347369604
2965572371
3285450604
2796393184
2418693892
2833591011
2507125069
891215249
3413555135
2121716214
768893691
1526748157
1001781646
1650608657
1718734449
3810128444
104307949
2809129479
876734978
3624499947
4291194762
3959793168
1783457880
835768183
2579322753
3735192674
1153812605
2874185061
3237127246
3698330860
3342921510
71665255
1058337301
1356664371
3888211159
2517972454
3706415893
2022301016
2311137169
1310056639
1456670884
2009427618
622727459
3028034393
3454495513
1924693483
3575286719
793543956
800891149
3458184809
226405223
471179814
3175895280
3326248982
4224482223
2648605865
2954994650
1169647379
1626653866
2105998116
409798671
2683481350
1492715593
670256710
152503506
2691211731
4111180219
1142372926
1493988452
2844304970
3028209316
2439426108
2094326050
3944650316
731322893
468720636
2266735503
696040105
814710226
530353778
1245546034
2690523692
3444841695
3521125273
2973769913
3176149678
2213847752
1214211265
3426254565
380943126
2411685801
1693099559
685941538
2610892796
3146759
151093936
456304663
3111842138
3957260626
783276253
2864292315
294793435
3187202334
1652272707
3979097857
3850030633
4022239002
1058239922
2506640008
2436822066
1612436775
3806586803
805094694
3388518051
1942931697
1871742869
2804680046
1990681069
3149358251
1886578192
3168777472
1431623161
1916041280
3319403132
1513510021
1056262147
3118751231
3683786427
1408959228
3121496624
3103329884
4143001542
1795916726
2694756711
3391758698
2208973604
2985563499
1851182018
3028828293
3812599186
4017345777
2080571302
3887189476
1561318110
2150608820
3096837295
4078677278
2376396133
398608268
2085334062
1697310401
3779383635
175359296
1069797243
4125378442
3162351053
3375394195
356129798
2513023433
1742512921
1231476960
3506522682
456416761
378066342
3453762221
1936586954
4240656843
239151239
822370040
2892892923
235845676
2633857359
3872475041
3083556076
1424568947
3716699975
2941087537
4117828037
2649998117
3849809663
3830224690
2218471164
371364039
4119657148
630131507
2838118775
3513297353
268735978
2463254298
2245157479
1193581775
1412910148
1442741232
4215770176
1627691094
2072398166
1357479690
3294543678
937947237
2070879747
4145146910
2531465667
3953604201
1797049998
401115576
2616784790
1844463122
2100218093
3099870431
3111786495
2968088395
3454199528
787223013
2954840952
194534735
1924381138
2410441357
321445841
398441213
53609498
903755320
3277145243
48939856
2186732354
1548517910
341659434
3059821822
1356613732
1791688792
3175246736
604914545
63126048
675174898
2336968914
3756818575
3799411255
1246704325
3789177767
1694685260
1051987952
3059657342
3178024467
3599143914
1175086702
2960150931
2708576926
384080094
375836344
3570467212
3576915610
2467188347
1861087107
1459219619
3741037522
2203735067
2448613533
148850663
3074214051
4115116967
1374866100
2324284624
3528752623
3128884939
3376335211
2813342797
1568959119
2045375954
3270735
163234061
2848981624
1279685382
3886983926
2947861651
2942389298
723988625
810584932
1302129253
3308209076
3337418239
1742532234
2258495348
2947753354
1789931645
1634351375
2874190627
3725339207
434577827
4114583189
3065032383
2993181160
1013532340
2221896494
525108662
2671885798
3133517737
3689506466
711272457
1494978908
772404209
2483923813
3471287042
2616118631
192760402
28620199
3908780477
1572899199
1958006361
1521711995
2963826065
4201436827
3245114031
3406455902
2073629361
1937600239
4011868024
982646204
2050660981
3902922292
3373760070
3866221276
3353755987
3366484943
2958437264
2565295145
2070624422
894954317
2241833116
1220868309
1669711877
3197980537
3802279701
3252728636
2474286716
213768269
1494241396
1492832200
1687419717
4057493470
966587266
1151963664
2246749302
2924632038
167318918
1977502843
4075891245
3605889964
4102070321
1912470845
898522899
1116437091
924397060
3560946957
2700877826
542214128
2079542799
3024073287
2727154456
3655887324
3598123654
797663386
2035980207
3279056619
2283862874
256863561
1735602101
3828845441
4236969331
4265169663
3448247414
958053122
3927009539
3576207737
2513677265
352712662
4207721034
2140271999
617350986
78147109
2990663667
3078981518
762520915
2934553603
2432424842
1321434337
3043006384
3136355809
331871654
1252423627
2843799378
2095740346
4173831723
1578801299
2328841418
648482228
85217683
3435960054
3021537557
737590811
3517905680
764043256
4035496794
3328274727
3760145809
3180309509
1956709164
1344593250
262947586
2747553850
2666599223
1992102655
3643285998
265296607
206688050
3314644309
825946640
2654778402
4240369327
1686356898
883449164
3567351232
3504034217
546795826
904084233
3760421267
430684142
4246452250
3437477345
3241730523
3509570834
365188321
3430874796
2766261929
401961958
103440052
57910808
3928175955
1649630157
3983383513
561897386
2978874221
2944698103
1965107167
1388127155
3063703368
3261622635
1784413784
1336913730
3871068215
65842611
1726147043
2609032826
2180867794
1551108192
2593953606
3318279859
3709162561
3577686116
684412823
710312504
2146836444
540903111
1887125962
350816516
1032456601
318849872
805271634
3441362920
3060562542
1812721501
310700492
4125269988
2393447021
151311012
1457965681
3759427362
2350380486
923706760
1274476008
2723378709
3165150229
3052917935
1655410788
3448162056
565692189
