1355234806
566961011
5563210
472248924
1386484746
2248152673
393055732
3731097726
2781948600
1274541968
993920839
2791456920
2440733868
692860380
2146467316
2128904056
3110956344
1453400136
2803498658
3973780713
2852806747
3362031456
989858454
81863792
3475280399
695052685
1330183261
546329367
1713591511
746300135
3149224355
1902903776
2268681475
2222989712
1656624230
348152072
2679828679
3214538145
421381151
3552842565
3455140123
1168171876
531689210
1412039381
2562766316
1763287879
176261633
1616147303
1919496093
3651136421
2170833374
968591040
190817133
1539707193
1769810772
3938336605
1496850874
331487697
1660954974
536787631
2930597222
543032815
2751732647
1132386356
2751775175
408787173
2934137266
3804520180
1313364184
714455125
2014051244
1015076914
2788186260
3154200102
3741937540
1889599451
1159754102
2168859593
3411839849
3868001635
3009205035
4042692375
1221712224
3058345811
1001336153
918949302
654442051
2608620303
3697559260
2165411709
3016775942
101657781
3070148868
938820983
1322723999
3536945706
1694675650
554982362
1095544580
131623430
2361354760
3944227802
1410922981
1718490847
3918618031
4011053190
14864830
3371630415
3711638130
424544071
1429491064
3324067889
1939695802
3437279995
4014458833
456699876
27755673
3165091404
1665871314
998526271
1073400390
1698571402
401251343
4279000206
2700849862
2532281627
2575591984
2339048843
1836664041
2116067534
577986690
3651297581
2948426711
2241354467
2837179348
3765010422
3412637634
1044610438
3264731568
2147567291
1186767104
3003702593
1706522953
1228028372
2933230560
4232482605
4250088623
2435652177
532809006
2420964818
3031691352
2289417397
1319524492
3389801520
1546794665
555933103
31899763
2642363728
1514797092
400082189
2868212637
3907191480
1044075095
3382784661
2263786344
2978291117
1480659762
3451723988
1917650237
2950068941
4019572644
291476818
3582266868
2925496394
15402874
3620125235
1728460882
24685627
708469039
892574256
1748937725
4212478487
3502222360
120143744
1209951936
493370941
3364647601
3225564410
1620466654
490096927
1477702646
3108454144
216138113
4155162566
4025702049
1125003510
1852450885
1721805689
1836791322
660548714
585779808
304975131
1878177092
1598827753
2684330040
2286298070
2571828748
3114414859
3565849113
3216151922
4153689541
1954735307
3796181670
601410092
4275950057
3971904616
3025190734
2793263029
1731410760
1140104298
4086957473
3277482963
3761467334
233847217
1195913952
546629660
2426680018
578643750
2362703019
2347074371
172940075
1097442774
3520078073
2131503839
320687637
1559357074
3259817614
2556698058
176630087
3600161673
1309496194
529845873
1618917154
1209157753
1242715528
2596455347
3886058726
586645772
2911991349
3966419102
4289160133
3862284263
2927588798
2206486699
2935114691
1146119959
3489976291
3521644520
2939626686
1880920809
62674758
4103860368
2710548590
210825339
3902469190
948546893
2245829051
4264734100
2591683457
4077865872
173887789
1817942127
1768120750
2897571289
1278221308
2577932687
1720253974
1942518671
3154363666
2306909728
4067740621
110684166
2251596138
600633558
2917874593
3334349177
2835144700
3754195993
3875655792
1177381526
3730353436
3941861454
130968820
4033404686
3442490809
1274117697
1674119846
471735581
2582195739
2374056819
2629412276
3365161321
144246389
3957327875
314804096
342209720
212129987
3732453729
2591198509
85732846
484794445
4204152315
3638841669
348474548
1812677635
2179035731
4223782644
2659986229
1377088834
1170938534
494977546
1824055571
2204916018
287608131
3757764298
570109252
3088929624
724204818
1292980994
1830507822
1232355339
2169528317
435756061
2581945728
4148390182
648513812
710283646
1521293785
725124582
158736040
2225608331
3315396716
3929808234
4091778321
3612342514
1830949745
152528253
2806394545
2754117456
3917908048
718576725
1944006719
1206759641
3033090549
2923806743
3827327112
2953479782
2033911430
3653676526
1829699155
3312679868
4035428022
3448762886
3666731907
4129260671
2525327189
2751756988
3176460471
2275217519
129121076
995310081
2009800650
2025405006
749629955
1846556378
4029300480
1025031041
3418303365
3183928795
1240316709
1904158033
2115472846
834769296
2887118308
2039170167
4068206985
2172732080
2256119487
2489254186
4237978925
1679302835
3687972285
4100040729
1303411026
2728549950
3863077161
1904855259
3984190972
4239879540
2733247139
191741549
2640909431
238797120
2534778209
2330786496
1505118107
1066642027
51237460
1403846997
2747788003
826021485
246431502
3225176775
2120065823
1322414198
3917781759
2798936783
542654715
782990606
332486090
3186175123
540227928
3633702376
1270673032
1060300289
391324937
195602225
3984200576
1112643452
740107803
141225930
3685225442
6211115
588652794
250481463
3868384961
1015390711
3920460062
1006995417
2546749072
2814061980
3193778696
2016494487
953713062
1876142536
1010614345
2290936485
115395466
1324305236
2979327234
1180674492
1955740177
3626348687
2675823386
2316444023
2371683611
2574021560
3494102926
909692898
72283055
2415320729
3133111705
3518954476
1708278328
2498815232
1802906841
706023
7606025
882745610
1786444689
325636457
3120588444
2501564704
1133515431
3134744379
753932592
1775746170
2926195631
2320546651
594787838
3662132021
827009241
3686008746
2209850186
1960351731
16055360
3933328014
1200039561
1052354634
1948811669
3151480871
4098541566
2736024340
33316841
4052535462
1597284051
414286401
3280048168
2737801597
2447963069
3088500896
3261929658
2281175239
2022958020
4210499005
2493483562
3677190845
3625172810
1414714347
1977526777
1225316022
180480884
3108629878
4002272655
128636333
3383751197
3273552544
1715392722
500246541
234184062
3601523024
583124109
182413186
923510357
33570144
16092854
3951720426
2198674547
1808373975
612701918
3013555382
112789742
841551947
284394767
1481097122
1742420815
628627687
4018807036
874388463
1055106832
257782629
362996069
547134534
2262848693
2638337223
3488207848
4198800312
310802552
798176848
1654180709
1458273673
284672789
3895240494
4140647677
623758281
1159291106
2965234894
2809586859
1435415525
318906998
1361187451
2486878209
4219254901
3464012864
1630627170
2019310506
2569687063
2595872410
650429475
24596445
641405536
2534799761
3997954837
1317232926
1385877899
2346570432
2735869183
4258434692
3672049638
2613213938
346004947
1412326758
2062780625
101988836
4098869431
796546640
640139609
3549620005
2102621415
2606668076
2960138229
1561123421
1464648954
1156020223
3372826225
2221073708
579445463
3644902834
3978248774
3834034716
1114193052
1854092881
99499628
740841480
3835584709
2119860160
901714624
2892004319
3402681136
720539461
2094387874
3601145570
2049092365
263865790
1538633495
2875942982
2858277116
3331723010
1999417145
2461249926
1956549758
416141737
1019815007
3877022296
3916204152
3194871295
1152208808
2275803609
2174305135
3518466673
866368108
2768106825
1580483918
1838252659
1003157182
782624169
168465889
3559235923
1488551847
237801221
3882223006
1187749383
4234138790
3464909783
1969874057
4138892902
2271218752
1895084182
73684926
1242733186
3266133896
159976852
3964924192
3759750621
784327709
2245040777
1787680233
3283765607
1398909111
2024272862
3805295603
1158513002
1215924783
2540591876
1592856523
3935818031
3832699999
3885997552
1921823120
2608263336
1051602203
3562695846
3823338196
1144340179
1416833736
3353523926
1091045484
344416006
1852722073
4168911311
2274810551
1938950992
2306525119
2762828774
2813964886
3445584007
4258065320
2916252845
697473676
1232436476
926102365
172980060
1308496494
3544104859
2134564988
2017821961
1067019260
3742910660
1360212334
649591775
587220129
314841189
698585339
3438434237
557791078
1541708848
1395700938
2659141484
1534148885
3059708693
3677911377
2886066925
3910213225
713043854
1338650325
1754621621
3131295718
1732403963
2094868913
4285823588
1087528227
3681447758
571689836
561838144
1963060924
3292238874
1218800042
1985020096
3327293824
2927890346
3379249221
2547721168
1070967522
3698395684
2069353518
2214992672
1277053023
4270682809
4258180915
757677050
2243569697
4111507518
3553302541
1791268064
1648217491
1615866146
938687451
1792199104
1017290239
2707152958
2970037376
3954996924
2361115441
3878966889
2124723666
2364812850
4218341286
1802482267
2413050156
3352159652
3231616678
942498916
3824693894
440111512
661606109
443339249
1223082883
2650641588
60033576
3453529767
3206457079
3234865353
3663907538
1737331064
962076889
1559706470
2708798620
1530011299
2878856534
1002946257
2915994920
3513748021
1346612883
1593882622
2291075133
1219167337
2763650137
3357874651
4257655786
1241179498
213603486
419662540
2972214280
3769792918
3509833303
2707811066
1512158449
3081345541
3935296836
1364803894
2590151720
3224757342
3789904547
4140682677
751498541
1697598931
1546004770
1933618355
729784321
526416639
2183543896
3674167385
3777541067
2458092469
1170899712
3402694409
2098831538
159292322
630126101
2734161368
3447796356
739990271
1781791266
363972082
2783774130
1691025332
951920504
1292356933
2981650525
2047558645
3175378200
459248445
1287485941
212256219
254916846
3713283250
2125329320
2987170040
2237108903
475432836
182727788
2676349724
2351574688
703747325
2224936075
612219636
2589244111
214707241
3338289398
287275251
837732862
1208971176
2948384355
2725205285
405653095
2640488953
713162110
3912158206
937577940
92183033
815769527
1115054898
1105551495
1217029099
587468891
478766563
1476910466
1753693381
684799538
199829789
3722730340
293442240
3944096671
2807041608
2343230923
4276470724
3199255132
3666633231
1677521399
2635222266
1941540429
1012410467
1900687983
2517053467
1821593220
2667750316
1196859220
699402137
3682170009
119354301
2619939142
493251306
1563583262
2783881752
2244191651
3751878525
440689945
4140757300
1591280370
371177036
2000861240
413634928
3639874240
3361193823
957878688
3122433846
2202672109
3993548303
852477545
3525540756
1000986143
3109990917
5402998
445440481
3949562213
3988876439
3040116669
1197827717
1728566272
1289045904
1412278689
4285971199
3214470571
2382381494
1223031005
714308942
3122052329
210212723
4261666018
2858378209
3560053749
136099521
3466890414
1009554494
3980417831
955509236
2663430918
2012510625
848020145
3831112774
2958702171
713515910
3024229892
326644
1628056
40444432
3484759464
2366282446
2935447988
937320097
1305571382
2832786779
1691043595
1894405929
3804714144
2359241913
2078469534
3648928645
1059462850
3369115978
2785680862
522338516
1346937018
2031029641
1001265349
3050339377
2036815327
3638756415
3766147020
882336856
3662366500
1263276764
2846366723
1667284224
4139535241
1806324609
3542145168
691288883
3315495016
990839227
3954009580
3465687436
2604260678
520555629
3040089232
2947284006
2521220894
82356039
413783549
1221307112
841678344
3530782387
2731640795
3681568686
1273135185
2140554581
1895802978
2997264892
632875342
4177576127
