1901014761
4293373542
1595631330
1498061060
4095842757
294160679
1795764458
2939688396
3122033435
2705012837
2325878010
624694816
1820303593
4016415826
4046204461
915448268
1442347970
4083079091
815853362
3202260478
874212873
665062705
1696978294
3758522905
1674976073
1277957876
892913134
2391522600
1377785140
376114931
2471969793
1440247998
1910283846
2178561578
2761334525
1414716217
2058261566
3696816671
4279018062
737608246
3910363192
1429115581
4125790728
3530725869
936789921
3324183350
767649998
2432146820
2159400355
1456130758
3772885269
2932827798
2541418415
1262580847
1794465618
505380465
1703041489
490619334
705349838
2321016218
3786925208
3287010671
338290852
2469787633
102719468
2086104857
3514624820
889166456
3589658692
100192474
2851984578
513170501
2515562013
3254544316
2370165800
127171300
1960233630
1540788357
1049918961
1126340765
546247342
346120128
2628752208
1945386020
1460341440
2177395955
2595704845
261304222
2486451279
1885595213
2424262332
2011346623
2393685424
385790221
3285322814
2868808269
214237059
260867998
3305709736
211148794
1690168569
3993651974
602479220
2440880611
3033448760
1722959861
2373935341
2418434520
869544325
1000147932
3285120100
4020146750
2001247250
2511398213
1696489012
4193205978
1205501562
3970126404
2279554311
889766590
2700045316
653253899
375242085
1054901120
2224579468
2170469621
2642295140
278999885
2347446561
1064112643
3713389010
1225364844
2006151374
1741308488
1629657801
1039781114
4285498995
1584330838
2927198926
1736241553
3344799338
2718920036
2271252598
4241038852
2434270668
953298529
2698678155
3993405752
659478572
505796954
3834225805
1998368942
2943935487
2160929822
3498946470
2346235232
208196224
4272403734
959802060
3568581893
66463123
2978852359
957274115
2634919065
3329140199
1484018183
759120032
1280909072
158866660
2858623234
3459855309
472254405
1465476792
3809060135
457191753
2591953917
3995341467
397242610
2681033960
3022604217
327431514
3828509678
3660465784
3630286469
609778364
18447383
897689252
4037625281
3535211475
3527939125
1433555816
510751692
3379248760
2500179854
2815163176
3291903959
1930952397
2435576945
3530819933
2482311327
1538222954
781280253
2457950119
3377721424
3940767094
1646027723
3213715278
1312905627
3813217299
2926978664
3535588771
1285429398
1077635972
3280780287
3016008438
2465068140
1207544150
1869122894
3577528671
674450584
305601402
3417962846
2023059651
1894991017
3275705152
2085199774
1741519777
4268411278
344019016
1977434557
4249965363
3628633936
2254957882
4136204416
2103980472
3941998375
3717410494
1934803644
1974877329
353810048
3153387546
2845962685
933068287
218585801
3211690287
343369620
3756037504
159053646
3765707071
1859937641
618967204
502873601
1790306038
612638778
1833013214
3847056277
2581755607
2053310662
2326561136
1875570674
2633197261
2360748662
3222370002
862715658
892152944
3160344342
3048116870
1379728901
558056037
1758059542
2717726657
2056782238
1003258786
3893279199
2981956440
4115230832
2789716290
234186072
3615888014
2036462080
3158132932
294363670
3618657923
2865175388
187808756
1339061606
1379135382
1342533117
1692113699
1301685221
2846218084
1641112609
1495639819
867130413
1457067190
2449368632
748318704
1940217266
4244624830
2893648633
2537216962
2093427853
2384388854
1199760095
3703760266
2397430520
3594189034
2780623886
504457530
366525684
1182756663
4030831842
385403624
3031016018
4239066927
677847293
1675272150
3528728643
546511880
462107713
2830597952
1519070400
656449618
4110513382
3384957741
3334142637
3293893850
34222089
690482615
3495880830
1560039340
1374720875
526283652
47382799
4193188539
3268865861
1998158589
3001054848
3919156954
4039015800
3103751070
1084924021
3253993462
3498105072
2707400661
1960306717
1618082602
2938057087
2843256915
2266747517
1527114095
873979185
3021301227
421288225
2357989439
2120658415
1013339296
546474873
4139885056
3050154628
2019111163
3170789349
2775231638
2934750353
2873184829
1418222437
3298526192
2155907231
3374835689
2959367444
659839351
3473741659
745573215
3781355264
4435057
300136270
149353364
1066653106
411875533
2952861087
2109459729
4027045146
2949519568
1809338663
2325718409
2181480247
3663815015
4277035293
3870180034
2526243104
336815595
157614453
1106534484
36858975
3550478076
575808257
3953571181
2108024815
1879323191
2885794705
1410193551
383618487
3558436969
615845342
1811090604
324589352
1321504852
1591771646
2757379713
3391811102
3338295123
870518757
1102737178
875615743
3762326146
44633072
332432238
2639800889
1109850150
501363665
127721856
4101544610
529933639
3038176929
1680612721
2124048954
1572147676
252451414
1806208709
1448370223
3429816059
3600645180
2895506914
3480647200
3386432513
1093505217
731789235
2290020114
485709050
568401617
3488157975
3184742146
2970896814
259929188
140203304
3588761283
587646286
3659606969
2193842473
63622486
1635300458
2980181637
1566304941
3917635614
2505858702
2808440060
1911135917
323416900
2613446746
1733158781
3355158660
929110469
3722915810
4185106128
784329618
2290734241
3156235501
2161209196
448995030
922449338
212502751
1852766553
2388899674
3326028525
3321676760
4277966610
889289878
2644005325
787918739
2496576238
2937360262
501215590
2157416277
3910100614
160241859
964820787
631760332
4136277614
2753687293
2125702229
1406329947
1842246398
1953075311
3597427851
1711104196
3911389179
3622061473
947947448
2078834675
1042000483
1770346057
2788861679
502138150
3396873922
3795191402
1857674465
1086478277
3211502763
3438951133
3261545772
2723739653
3100755897
989964259
3278200799
2553447389
109983295
4186647906
166917239
4223891567
3815398338
3404343691
1606374617
2415445485
3739146806
1148508072
1206216171
202889473
1049677344
1975519735
422230243
1597867523
3091160469
641032587
3826699448
2662306645
843558656
342788513
1966848089
2758793158
2102559634
2937397542
3843057798
1544353645
1384020315
1144650523
3666354259
527415364
1063372697
1167469457
1267941206
2613981295
1421370829
2275477291
987323977
927600251
3886365165
2569891485
1447542013
1192516570
1284597508
2814393340
1587335182
2295890470
3244573258
1396141818
4260821895
460403862
321329977
3557016643
1025320968
3898992658
3711013012
2637705806
4194940930
4223818854
3032494065
3551713914
1360635932
1056177116
377924465
1817139484
197639756
3325292444
1630447724
1680002461
895347416
95545439
1857477706
2817363655
3434696215
3667303696
3692801820
2549516207
3245964862
1778520285
3053144208
1262681841
1391044647
2231140721
1586208747
3583484183
2883564671
2661129860
4038508559
714196330
667419216
2365062405
754430392
348105839
2188646855
517307120
3134590569
3219958875
66979282
4029839577
2894745040
591887334
2681657738
2525616019
3537417438
1076751976
4285640341
2890427544
1718190992
1079242684
325276776
3843150916
3875506440
692889417
2760450728
4259142785
1212142118
4129192758
2557273076
2097340634
3483184358
2400980475
1521580459
1150661705
3746702320
888613579
1476793057
757044208
501713309
1184314703
175579723
2250162770
924841656
3221274198
495029635
2610928191
2823373105
981896843
1062241506
3132788281
2661141975
727417656
3737869586
1459090530
2287687270
744679852
646634746
2230137926
2041709640
3285582898
3176083369
81657133
2959639059
3716419975
1248143979
2759875445
3045686700
3045914569
2751606189
3398067930
3038975066
2677397050
2010062537
909224641
4255923142
3792026628
538440253
4274826285
3377211268
2897527929
1739028721
820048272
540909552
1993448524
3887506308
493166625
289003538
3150205538
1726573714
3613075407
1028851034
2876857464
1527831254
4239407569
1797457006
1249782311
780931412
2732401932
2716609556
3914495094
848141459
2675918257
1473779350
2512392990
643668589
3960597593
218453510
2329482532
3269437638
3207827512
4220934031
670901126
455217097
870094941
2731231366
3912610063
3348109483
1467325632
647178106
72258610
2361406529
3379921962
3212576415
1308077107
3979635774
455537396
1026326274
1011014578
1752265810
1623885118
2217020209
954647719
3322872612
968691265
3153526469
3330436647
81289985
2046771193
1224336394
2217936533
2834646921
3638939703
2645228479
721131324
2229377279
1821721517
1210175814
170852127
3029277026
2343513600
3017010244
198601253
548720606
3014424824
2774373993
3323591337
845174384
3322196271
1110095898
235820269
2451001880
2613263011
4259562432
4220402734
956892461
77555524
1585156127
4185559788
2894034242
2231778609
2075907820
173701431
829538321
3188826395
744152824
1558628499
2956373322
972247173
1092431825
3583770696
4152895424
85901868
927452566
4000981581
1376510460
2639438628
1992758022
542645437
629343529
579609104
2244052488
2811211324
3321259421
629871633
2136716808
527883039
4210210
270475284
3888859357
2129361211
2750275514
3354320361
1004641176
3297439681
176612509
3505415300
2232622839
3751428712
480585305
2330848376
1611731101
3449353710
1430528737
1363932744
677628702
1449138780
3049887670
2940662196
303901348
491896898
2678730279
3598042654
493410494
3960200673
3785599396
416530241
1661010952
3374266400
166781966
3535102312
340886047
3595071937
850320155
3305447483
3820295260
2721117110
4258178115
393818937
9810977
1468738856
3831185767
2902919151
2162849104
1275767810
1452479418
633381153
1065722090
183747657
4084460821
1217706605
4282738122
1402499933
899121260
349534164
213499614
4037688106
2686542196
3190506753
1102953711
3868320341
1976756324
1982693125
4180574919
2195349586
2216392677
1452714612
2469536110
2620745557
554928871
189626279
3216608354
1710648991
1619148641
4056755764
4117819294
1551300232
3094999753
2266519618
2942715597
4255696112
75854464
1898196022
4096008914
3883540428
2678356579
3115582298
2876033691
2229708064
2853576706
1684810840
2958701038
611214612
1007199512
229506039
567646676
3286368055
307259164
1740671751
2159048704
4054136896
2122976988
823432716
3810025938
1070393536
2123515292
1343817949
2818366328
3759628390
3939825312
67495575
794266009
1114963443
2288544802
494676300
1569931337
1365765626
4006187108
1731067512
185074466
2961514025
1320204839
728776956
3876427006
2207964290
3680179799
4171349453
3320674450
1473850141
1401410668
1540342315
1554392783
3619365462
3698827838
3603090550
1108332068
658791989
3874903250
2372958130
356714422
282125695
3341130780
2117732170
743712189
144818584
2186187670
3858930813
2973199772
2979135478
926294168
1299387462
1844270207
4126782729
3893683591
3787021026
1475722983
4087871105
1277980586
1778615076
3903202821
2428396577
3191728165
4086259749
2161298289
2030266128
930657245
372380558
2770865398
2801346951
341631834
2772058776
656027186
4240483966
3636607303
1409461356
3241018833
1829452093
2403068426
4252820114
348183030
3008764562
2250115289
1959345962
4285681545
3984448697
1217385720
949689915
993488643
2569815405
4070849099
3885009246
696416117
213976209
2851437238
124282669
3761796133
