529836613
1469187847
2484258349
3062136765
2855581349
225302871
1463132826
2143381259
1985573391
2489734463
2071519894
1657887021
4084805258
1203176169
108160806
2415251303
2310780205
1905023478
878555308
839890660
610795872
1789140481
1376733388
3414969499
3462509172
1618700365
3384222844
441443963
1405160299
3204028888
1941521059
4159689454
2847066671
2345654026
1547850445
3165791355
562784318
1019894214
2047253491
1288653412
3154428757
4277897138
409507577
3339301720
355527124
263539987
3211677202
3355839302
1908533191
3246193126
2916079297
2432555589
2437334651
1080589094
1748453917
4163403242
2052912910
3174815868
1805948985
18024843
662536445
2060733967
175615141
2439961044
3267498889
3099410721
2575870795
2780174413
1020907978
3551265887
46823867
3389735166
3272572499
2606923279
1787489166
1450468822
1767389810
2119810999
2016346320
426003552
3191243209
4097924760
2902649891
4079999068
3719286947
116938467
2499483981
1267443582
542319721
3826966851
3826376658
3622669715
3762051705
2895005873
2160234752
618665505
3395290025
2848551629
2551718757
2890831828
3022372667
444321255
1639083413
3009903644
3781444275
1686295352
2011099941
137822491
2078484891
328057253
1497194556
3147872453
852969883
3452781443
1656029083
329981230
3635729095
2741560675
3205971962
3012795113
3216841555
3128374648
1899307194
4058694963
3734445859
1932948243
4143436222
922718331
3491039892
854277303
3152020064
125593605
170210588
3985544476
1333762537
9953206
1511631922
262552983
3878396069
3277398588
3912251979
3543297894
764532817
2569223306
590778380
4144258589
1840187777
2244335800
739668647
3110162445
3400568034
404139079
1112498211
103712180
918078084
2003296652
3185012063
3435604556
106686757
1877823650
2817188185
1233312529
3822250682
3121335392
629584745
918333864
580681519
4050893943
489352104
3231071245
2990402898
755039508
1492779568
3584640452
503666635
1085284361
2301661282
62872110
186958952
774423535
2900866213
745879870
2170204024
2230765733
1825595998
2090815116
3074050561
1662192600
3163804316
1924181100
3548231841
2081896545
2159617496
2881468360
2937647199
454022530
1476666189
3629518662
1454662641
2990710252
3035758363
864044812
1553328055
374543553
1653056212
545747752
611624956
73894554
1714791158
3373853080
557666726
3720138534
2296939374
3738393305
1074740723
2682376567
1231270033
25476077
1313484892
1257770578
1487087533
2470607988
1815191632
3907142404
3782321307
4123734188
2356113928
356308411
159748120
2849028619
1070685971
3087514197
471197765
3434022415
1766928550
3014131274
1540963618
701423165
3931763993
2477656586
1440293372
3904633274
1051191639
3274205233
2501599159
3763886691
3165357049
1556040366
211653997
654497514
3716373524
274851222
1646430609
1979439216
731415197
2528910099
4193389253
3184236263
1052361037
2154446655
1800892364
894547322
4013480921
924850620
3474274710
1424167824
3460444894
2600176787
2622345587
4008432266
1421135490
658005349
954057794
3321450601
2827952003
694167610
4043359698
1953889500
596146905
2589595523
2214471236
393841832
284980248
2272773093
2292398796
3599543625
2130970915
18940779
1179170721
3641956935
2845212326
196072751
2501325257
34469324
949621432
3303737022
3122155777
1476705745
1117137734
3328628056
995283947
1216005113
1226534745
2826006324
339188790
3162304133
3142272787
267942621
261369127
3004092174
3060326655
1256335599
2272688263
703706930
1357411132
454463646
3296624858
4090554226
1104893566
500765900
3872029576
1981779515
453125455
1944274091
4185160621
3449215623
4074833598
915149353
1682778657
1613506248
615733919
4012151406
1319298737
2889655270
2325367998
3082634137
579968963
21375641
2677048514
3598621464
3924371862
1108329933
586578651
1710392281
1103545387
2314329813
3305457920
578154193
2311302611
94247800
2394462994
1361526734
3697597611
2198014926
505289567
301248817
1768604172
3216186630
3265301934
3144490985
2602735204
3871957737
2082939929
4042538165
3671533421
603513640
1431311
31259936
2025736520
4062469082
3268550212
575978276
2646665325
779298949
2522692071
1640878830
2673072887
1165396339
486211024
3717871076
2649786792
3940185349
408462849
3184704597
3616475136
2405036096
2583719416
2219740989
466780497
341803062
262723658
951403484
3456714516
4005184292
3697054187
1011162132
2010219996
1978556214
3237775313
3302304646
472294498
2043324069
838034142
322818978
1012438568
2768917394
1344591535
192574785
3232206248
3257278354
3448154940
4111846745
3169300305
455922749
2090762989
4043011969
1997893311
4005621054
1250164955
2492431832
972002604
2426763028
2431203115
847632425
2389333279
580451833
4276402086
2831485806
917174222
2461594999
2107474540
843494121
2976471156
3618248119
561658595
3179983847
415861112
1752148033
3915917043
3242590557
2704472285
657203776
2047560341
3281355400
472671454
3183698958
383664238
4094080767
3439537859
418279196
2464680009
2076330132
1160793315
311380535
1990441717
1494317190
654206601
2202029293
3739294621
836098292
2410685924
1133041435
3921503086
1260008202
1553351732
1496932123
4043064155
4141829344
3934618965
1566782403
973914441
3359098055
798823619
235016925
974420183
1214547618
3006567773
2477593325
952026040
63412929
1229093786
4223781653
2532246724
4173305358
3256639704
99398626
434305813
508191062
2221707962
626782472
3031535264
733448373
729909702
3319048113
4206662912
3723439801
3592663029
2938581486
2621678656
2181915362
2569058597
561842470
2037234543
3929543617
2422569462
1366177334
3988835810
2389306515
2923888437
2526845798
3857271460
874667083
4196080945
4158840746
2494150545
2898495762
1435126480
543350300
3719679524
1728531685
3759509918
3232085696
4251260405
4115699508
1523081678
2174603069
1814254229
3532482401
1270230681
1089728519
3765767767
245259347
3020893119
1449836507
3848967460
3677503666
76407265
3182534951
3274953568
4269942471
2266909691
4156071777
3367152809
2860294007
3228887709
2505110859
1461946344
726540694
1461772240
1549277100
1867769968
3742477227
3393989075
1219090461
4198456506
3502902562
4107270740
505866400
611279586
2219210285
3175300905
1559013643
4098360295
1538427391
1788836606
1966365339
3850804489
465231808
4087113360
1245874327
2286027452
871180535
1510427108
539586507
1655160791
3704387140
244421378
1054610607
1463308915
1416517341
2559560549
307022959
3821642025
849161686
3328759984
1512113769
1019509563
2962265513
527504798
2502974287
1399608369
1819208456
3328021159
3775804760
4203647165
3256223617
1699008100
1566126981
4001595096
3278155753
2341919976
751537791
2597778619
1391398553
76957315
174771439
2224096761
3763375157
246722026
1116380982
3307725116
1725742706
2786769309
2877412984
3059624092
73378049
554100304
3348118259
2364025075
3209955068
2113969552
2602180857
2794994899
3379162371
2181234148
165970780
3711350599
2216848170
2200171524
3502815663
3407808542
983731077
242033757
511846492
3282211788
342371203
1898961365
1195360144
1814149176
2011185920
1119834505
889546853
1029116036
2608538312
1465426153
1544381268
2685902098
2256804251
2398662247
3540820576
3561611261
1884064324
266199821
3236778962
3653193285
3785809124
3171679816
3053856450
3208752886
334324863
420353177
3234604132
3646948492
3954753812
3083916895
1020846050
1621917995
3575517940
252869271
733161968
2910473342
2244954867
196790507
2509030700
720205820
3349549268
2581818379
2704142107
3472745681
2551082398
586927159
3655905985
1385147552
1530449703
1877017264
3860486503
1532714020
337394369
1816858548
1799492718
1310883417
161745407
4056988955
2923474320
4232510891
3608698079
3998227841
267276294
3409549355
1682526105
1529742849
3230326400
2568266594
2901742485
1022276785
3276239013
3918203670
1706235486
3438179688
3913040696
3230368742
2447474617
961631467
1369931489
1809918576
4286922728
3131811588
3788135502
1446439008
4024916846
3452798251
3427101219
3019516639
3429604537
2936224407
1780801266
2381307448
462052725
2055180866
3606665483
3552361054
2790864316
3502651391
3027831475
1883690408
244091440
2890182423
1572103160
2411654089
3654116742
3672698079
2270821211
112899601
1219878448
3459182775
2483152923
878893734
1325371863
3154305383
991400978
3765189856
2555079545
2782385668
4024063394
1713008780
342531562
3574839088
3495597109
1357032209
1939676243
2279494384
1015878430
1857298553
1252371014
832923517
3162270455
4187132921
2009563019
336249765
2936383080
3114409019
3010790344
3636864222
4153650359
1282994352
134940490
2968404113
1988328932
2073576768
2904411835
1289829199
2170566299
456209893
1792277250
996500328
3824780969
2013720983
2192426769
4095994821
2121914625
731633380
3104736377
4232684489
262310251
1934409519
180767919
395862444
3158378883
2524855520
764836601
1068490974
159545609
1862387805
2344866699
1032119952
2598319143
1297797777
3269719334
1250575397
974319111
2504098381
1383141228
2681196101
3404263369
1851568360
3382116607
2023922386
3631034217
1855100977
1320947294
585523934
26789142
2360659418
1087934486
4282283576
2126580151
2535443020
2224571972
1661576201
1966860221
3486999780
174282426
3914512701
2951494429
3536761118
3245784786
1120738260
1722737806
3583812885
177114636
1920652321
2682012474
1493543255
4024339305
1237591047
1926442441
3271263622
763245160
2616080460
1440268721
2821125948
711791764
4181399471
28728026
4003136054
2516063592
3109325642
1295820889
2342838892
2014587554
3918434409
3527649266
292183769
1288405208
1984288616
1973531471
873020661
3239632829
2210771194
3955865372
4112413937
1333061607
1552125290
3510515865
2810792095
1717452999
1045575304
3973110461
3182470662
1326026731
3878582638
3885261089
491389186
3651078441
5497665
461186530
2737549391
2851687926
465013833
993084221
3195596034
3102606668
82516332
817041102
2731209967
2128998276
642535999
3207308244
635881999
2256013423
3776715863
1827087403
3610677942
3054496988
2781244654
1647803009
2245042701
1919499700
3862428807
2785087260
1603890972
1013761969
735318300
3983261572
2918453150
3318305315
1992029008
3461029408
4203096651
1357564288
2504326298
1621257999
979107626
3501092400
3924293805
350069701
1635447526
1730065839
3118589940
1217934610
4166594656
3972836324
9357002
1335960181
3635450317
1876081897
1833732011
1114141549
102903963
2664969830
2579611567
700564324
2738764265
1289670645
224841178
2586891070
3346431375
1846300520
2496981601
3759484733
342591673
4203248555
3662519661
1202042976
1468821642
3246986345
4197264386
1106012228
3879923671
3730214287
986148442
4183656317
331145863
2499643578
556701866
198642722
800083375
904997426
3198758168
2394698145
1365740055
2940401406
2670955845
333270387
2563629564
569308436
2050737103
76882735
4294668683
3811230446
3705052805
2489450628
1981613328
3287606713
4099276
256409663
2475673007
1841654824
3059331905
2857274549
1794797474
1500537109
1423290672
4003976323
2099939155
2402794692
1359322984
2399104338
1545728010
1762063270
