3234938288
2274215997
3619063249
384276766
2681657272
2487479654
2625900426
923809601
4173652492
224537081
501707653
1097715750
4073600409
2205127028
1601973564
1708024350
2144188898
3284236012
1298140950
3978202467
2507063114
445978247
2674304801
2898565480
3307143981
3198486256
1622028688
464742744
1442122857
2764995476
887143895
309075207
1639808306
622984461
3618175356
1117171170
173589235
234985349
747967672
2515558365
2974491717
4264931217
2477123185
4062749465
3670975416
2510374099
531972582
1716253746
2636174907
1257938950
3655362495
882345547
3896388332
3169096066
2177528388
2806058576
4046759276
709424836
96734237
1050390266
3345904212
3848604478
3992898410
3258616825
3381206364
2576017365
1417371030
819822682
3486030782
152107935
852597041
2339545517
2934325807
3507675536
3585187582
231729658
3332348965
1225560371
728565026
3458648846
1957392695
3513403787
3090543164
2543088141
1956603863
3646750512
3395799264
4078223838
1773818240
1584760818
2244690789
3580552684
255716848
1356685702
476399234
1333601791
2057405097
1450094402
2375773363
2484731113
252757853
4168510689
2847702458
1757969135
2162327672
1222579288
1037431533
2828211942
1653681712
2041715381
3643293821
1135092046
1876594357
1113084369
2829589973
361675529
3124986018
683146606
57585190
3354329887
1979778539
4051021817
3412927632
1183090648
3202776789
4090253714
2246919853
1734062549
3924905718
624004998
1561656770
1108841945
728770740
3738180600
2578421262
1506491160
4033705396
1803481446
1555941385
4101468568
3896806839
1396131755
3832070538
3281756785
2014724585
3753497860
1208125703
1830444404
1984685485
238804332
2587336523
4156297560
1939950188
1316731258
2698123677
1282557988
232371300
3581245604
2963826370
4229023711
45821866
1973244731
784539501
3020165097
3060803653
2858770101
3387703771
3648217784
3512584033
1105648065
180355588
2418759172
3357180478
1849661147
3044002991
1212324201
2275313170
2475737198
2396479589
2753763825
4262257286
2452090112
2425229673
577597867
1090218518
2884907802
624308163
3041299757
3608355958
682402485
1732483745
2017975212
1914492391
2982230338
3271861842
360090270
2845966518
1265971800
3777404502
3894841206
3923036013
64967138
4273671660
3092096905
3093505550
2904200316
4017231695
979256955
3668414907
3521245423
2999952606
1773191473
2021943082
1697770722
1856429493
3544961726
333077712
604574694
2380994487
3489931820
3080230383
2169378208
3382472531
107492241
215268403
2725054162
722507522
2479744339
452355675
4193475536
1341263309
1231199826
1682463921
2631830815
4252424079
490476373
2860143437
2970993791
462516648
10183365
1582350505
1727338141
950625921
2364600157
1754228270
3545804844
1361190780
2625165519
2168996269
3868548137
3099464935
3408861336
3114998316
3190788468
2763975484
734455095
1804064847
3605521431
2204360890
1593176354
2304534069
113137894
2041764934
2435922656
3458815818
2401774455
3873214097
238150813
2126150722
438944824
2192298069
4075179800
1018926991
2021772452
4054425821
3511018206
797085880
867884207
4233307785
3470768802
3554895435
2761831393
339500095
2091202245
2007924137
2948738410
224381110
3728281712
87724782
1461990444
2694094593
487160810
644675182
2273935879
1358942089
3780426540
219067833
2135763771
2821165770
4140248503
1725157035
2012125369
2958840088
281764592
234098396
2989403196
4026911088
3654515937
946637264
2857341360
3325623688
886982294
229339038
3693369790
2137517285
1195094397
710844588
800248615
645046885
998966519
1606958674
987908939
1378288273
60206132
3770120389
2530648735
981900577
1174131453
3077819394
3255552095
3694842110
616033717
1057004926
1300522211
3911761882
867653607
2421478512
2333743561
1521059180
2719047201
4233062142
1801767475
1756707212
3205246183
731180936
1595770207
3965976321
2235109576
1479035433
3109253707
3059987880
3978354902
3833935607
2402951283
4252185144
3843610665
1965201461
2748136082
4246521658
3842298811
2732841717
736894404
734444757
1572352709
1500260161
1627150044
970989208
2446671271
1098306751
2402406112
2932807917
762019251
4149428058
3209809929
781368512
267441706
464203242
2384837336
3772197582
1069641004
3319886566
3244369885
2734323119
4059794405
2492516736
3135196826
1090637934
3957008014
342077634
3127934999
2878455863
163891360
1834947130
416541784
1807741762
88477602
3486048652
2053216631
729486381
2482209493
2413969723
2362910411
121648858
2468046016
2023942182
558776988
1159258212
1801502575
76999782
274534868
3289412933
882935384
2604397696
2820512900
3772388761
1603570278
2498233538
399044534
3100254421
784991321
955963526
3028696282
200692398
404616475
2708898506
1197402377
3362976957
3523621452
715855217
2506013377
1752324089
445433855
3859490598
181709632
1309480078
4180779026
2466361082
4009095564
963152352
3088453697
3108256820
2972922312
3574820702
1489773670
4224722876
3609935786
2889744113
1570198717
1292264706
3639351282
1109690477
3683572571
3137717992
1891127195
3394906001
1714465809
3529410054
919112338
932079393
2139537447
4187253518
239939828
2292263972
2757676260
2577349484
3088184818
3536746093
1624089140
3738447373
2948258256
4264270738
2418235798
3383385693
4186931276
2013556020
645158965
3205483116
2433122486
1576564030
1985112529
336896417
988466995
1027771631
3363233490
4082781064
2336055784
3070868993
3993261847
302094936
968290749
4200777473
315288438
703923913
1722965736
2682846671
1062479058
2244447003
4061371792
392496217
1319398476
2610511664
3997218552
1687232197
2991441628
1076570833
2628774239
3712789664
2030252903
111254716
4183774317
2512113341
678408466
403744789
546922747
3022246083
1653929871
1681434813
1348332008
3567568968
1439201520
3175911457
599170749
1907213609
3724690242
3970668211
3504124888
1652857239
3393608669
474948050
1742459923
2708197937
3419079562
2560325864
4261356042
1200396402
1237734263
3040810314
1134960689
1621584280
4239192030
3977265936
489952145
3607547494
1860020016
999773711
455183520
403656319
3751942899
3516495970
4069597632
3054911475
2765918653
1489303503
32158937
2895695477
2963474800
2496595193
86569670
2684911642
2691219898
486963641
2008930444
203136484
2580025209
3201748991
2432625490
3331591943
1558197497
3933189814
1791274043
1975061047
2836793830
452419561
780503948
1137744777
3680949023
377746640
4061673213
3393236799
619152247
3998743621
3075324797
967248001
3469052566
2205679074
101928932
3912475846
207322354
3026764039
2052013883
2697744904
161273609
1731553688
102577278
1640683343
1474452417
2726514598
1948824747
3929271536
4155441899
793147218
4080374901
3272404105
2969550180
2749651284
2507158731
3466758787
4263406781
1667544700
214104820
3691524049
309476862
1135803707
766640777
279687306
3912667674
1637173849
2036798257
2577712350
1566453716
2439458975
246171438
1270399386
3334937545
2581012866
3671503038
1494192045
3537400040
3493550411
2128357303
1953262769
1886145405
4024248250
2939873614
2558996471
3495489406
2752661164
1809474482
1235533307
1583160468
2195355320
2600552558
2377570650
3993430145
3632239926
2338357899
4062518481
802978728
3008132218
28834158
4096354891
4182913064
4228952751
3772734103
2707895072
4159204853
1463173450
3957319646
3615972038
2718527747
4083216409
746875374
3370596677
441726805
921804733
3547455878
3966485240
3704999884
800723491
3655808548
3399207019
924134009
436206821
4284384265
1844390069
2283219567
2670630650
3892651745
1452432049
2828697092
580983511
813949246
3093793698
43681925
3345652945
3962776355
1640152886
688736425
1106679753
647766602
3110586055
660417658
2239136862
1550317337
3822238879
1744566741
3138208126
1583205261
64557642
3464347330
2630094744
2301174195
212690373
3070045367
4126514565
187134846
1778464894
46781811
3329666190
3387895607
2006814567
3695900330
3991386099
3696585399
3958018562
2130635502
3977859039
3764623481
1905461349
568053316
1743263369
2492143691
531241920
2747358722
3485822345
3747959223
2893440635
1350036074
716047665
2415862454
118325064
3182173336
2515459953
4009607970
3529407984
696154676
3248565637
1813828450
1436130298
1572852700
4021004700
4190981831
132538611
1755292507
407257927
1072049282
417070420
4236978279
1127198266
4262710238
1242852685
3503408818
2395424987
2952088885
1251693754
725302598
4098543854
3022201883
1872288889
3933698960
2779208579
694117280
2977191813
367351923
1845115469
171670954
3013898763
1629336293
2231602917
2995165984
1988051839
2440895949
4175976362
4239942180
2248415583
1252016507
170722943
2355967184
2690221061
72568719
3046713203
3983068042
868451828
2092208079
1789596640
516493003
3177172896
2624454948
1084807921
3705182095
4223525642
3893273118
2259452401
205990348
3216201210
401368187
1415021624
2360336985
3630732751
2810666970
3869550543
1198482231
4185895461
2822649517
3068237689
2318116945
417943008
2469976432
1448507823
922193770
1608959715
396784743
1428532353
169409415
4128681074
2506960833
1210604866
3134351001
1778569250
1415844287
3536008818
3660514624
496233883
3645889162
2036764603
485859254
2795169279
1073756526
481758434
2377440193
3117964811
1858779932
3646415089
428030836
3840052870
1449042928
3106016571
1000786523
1307639799
3705373966
149748507
2870059029
2366813412
2627803105
3128509244
1864618080
330687452
2165221351
3322780003
167646197
3650278842
1116589719
1829967117
1096364969
1800456174
2694743267
2286161198
1612177693
3943692585
1416653646
4157161786
4195707314
3560581847
1680574615
169681818
1243160023
2276926328
2859223674
12121242
2241890069
822408071
3847369185
664831963
1309594584
166951661
104284916
2735818330
12650313
2441870407
3763624885
3158904738
1674566488
1818919999
199684221
2835333254
2888891325
3685045868
1285901412
2417422259
3484906291
801267904
4078782352
2570365601
4274664738
3777453231
922287328
4242107337
3302727715
161544205
3064457881
800421530
573405366
472121575
3846359288
2365058468
470273809
3045634666
2504519927
3535213010
3693544313
334104298
2465685495
411045531
1120644053
2795752228
3560898826
1765413613
2964520650
2608664189
2896332003
3384638534
426157999
904543049
3537676590
3284315869
712125541
2843522470
3835012532
3869437641
751059230
215357056
3307577338
3988678204
384238051
2227661741
1113783360
811014542
3342311697
2290026660
943182594
2021472456
2726035432
737249472
131285644
1006267412
1657306288
477745082
3748050530
452236295
2545676016
1037439395
3077123003
2277130462
4159469319
672869951
2169928100
1137523708
300877734
2654164014
1714646530
100572177
4015176416
2477424618
1081401010
2763232009
2455403273
1414594933
1117172748
227388592
2985397852
3939012706
1159008910
1572640932
2446832611
260492209
316185950
761997148
3635430645
3988542323
1024301595
2083119490
2572153417
2828185692
3683017326
854811904
4208780761
797421397
441162171
1905093603
660499333
3885344980
1848413726
1373827381
1708281560
2667307688
3818757661
3883056953
1216854938
2709390822
3245677194
