835703219
922439999
4244569938
78189916
3092780352
3168443843
3529996628
3974146840
10493017
1680044643
3058029102
1508139355
2540623134
4016388914
747577124
2193108481
2470129076
69914912
1571965269
91345205
2764467649
3597483417
3516485404
2935709674
2906083531
3475386041
3309376883
999220274
753991393
3128703907
3270684620
3095529064
725615049
2426038915
351777260
2742399248
362132247
3874208783
1862123952
234596458
2256433831
2658919357
689040950
3213806804
1699493650
975499912
3275406341
2280217179
4060189578
4210254875
1189867111
3754943261
3598555234
945947240
110319525
1021935999
1236304559
607895894
3696418726
2335791546
1414074438
126367988
3147425771
894982911
3022800296
1234977971
2123489943
3996064668
2684433986
2211706883
2673202999
3189698931
4062457517
1834761514
2907818189
2743451962
2582787100
1735395211
1461220312
2702359787
2466165365
2163478674
4181825378
2840255816
3993877733
2348189347
2744912403
334526861
2481917974
1807240726
2515975025
603869290
2258675610
2487690810
1475955169
1660402436
2598992470
3156173570
491000006
2112210505
836739631
1601303201
3301676566
1605963489
3738271759
93084813
3365068205
3466586440
3209919492
2923929259
1874450737
2974031638
1159525238
2659435865
3949817144
357236808
1678047792
3817752065
2671215168
4292131269
2061150998
634964942
1652693472
3723348509
1809181507
2238404530
3055640790
2047501261
3884668652
3266669003
1961259206
2778875253
2489634028
3030490216
2851625566
3628028422
3927152955
3584030329
2484695450
1843491453
3255362797
2068205447
2746962056
295432197
350040343
1321820959
1456713998
3926048648
103558508
432059695
879981755
461245756
3571167167
2543485296
2716998706
1819293090
3731859708
3653831187
1895106619
1371300145
3223316190
3729177079
3188891178
2753623967
1099075396
2404800829
2496805399
3217945322
4129824067
512093256
2842705124
1637506555
1481468540
1352563426
1860774388
879432968
2908083818
546527737
726578069
2290481861
2693781079
482207911
398844421
663914814
4189173835
870466145
4000049786
3581456575
251921175
2020395713
743482221
3516138611
81324811
2133185117
2353971646
1008890472
709056192
707626469
4161240201
2172746771
3230231880
1840391606
806711974
214581908
2517304032
3889676104
285657564
3875360123
568017041
1114434142
1462701535
68397730
2664945095
567962310
165745088
2568991931
3925134049
2204168111
1510063528
962406353
2644575755
3870431226
2130350566
2631905374
1650937157
1087903960
3268800233
4041249456
3624601613
2651824478
1277449915
2561116666
1635659401
3715475793
1550454278
1711533500
562118445
2475316465
676099587
4223088686
3410727448
4026596719
3677428452
225273371
1260313015
390658571
834376809
1480743279
2930674810
3187219181
3290912222
1099380337
4044347585
3608576036
3442916948
3095879920
3807404500
1316086498
2565590167
3693383867
3724177002
1470028455
1529881316
1104884289
187959059
2200863210
2707975685
2231098712
3020851697
1926121647
1593109062
3327841236
2682622039
4146568967
2063685867
1265869496
4120078525
2069575144
3326889545
534216520
3862592056
553139129
4288808030
725404427
2057666610
690890918
3512192540
2091349241
2799372880
3435816266
829550811
3505019377
2830117933
3006780799
549259422
3451730326
2585284720
1125510726
2090441026
681606307
2341402734
2443181853
2734538304
541759459
3149195609
3435200475
692441142
1874539123
3735189491
790985663
3370984199
1650773952
1455552152
3835944632
1302142995
3854289234
2146201629
1906027665
3439488489
3826061524
1185175203
1222656553
3920292057
2381649406
3839682063
946270342
849292483
2423574029
2635727264
3902968962
342616750
170472598
1052613337
1668226579
561891842
2883807579
2562954429
3591134809
2924857117
3077128224
2767415888
3349774342
4114848754
2052600746
799119181
3146640965
2831754182
2633830891
1745015743
1276325408
1691541775
1837742711
2464313647
291874054
2823187740
2190776784
1115256042
3655885464
3390605688
3142283345
1280399036
1700241498
1116038556
233253996
1262758557
52340863
3147753130
2275272109
3919575616
2575388705
3541650518
3059073935
248170073
3461306913
3450199065
234192756
3663657852
3884766748
2011261362
1455321735
2191583136
3496008082
2251368040
2107939219
667856505
2684755876
2813493145
1592741469
2638198178
883137178
3747401081
3483181539
2101325546
1084756654
2007991740
2796348644
2912685830
1265658929
281251481
120958084
4205845225
1840518964
3664964410
3962904523
4255413760
2061723236
2274758219
2600983216
2198786160
707663350
662740554
1893283807
3375555647
4102611484
943089013
3622970769
2686753191
3310113585
2395662880
3163672734
2104888573
2132741092
3515881925
2603657784
4150269486
2396874859
1599350613
2430266323
75750553
1657817773
581296872
2076436526
3607608487
4280049191
2260102440
2084914027
739053935
2125000309
3124036525
340912559
3870887438
184973569
2391800637
196235446
3475241610
876192493
1999256890
1273237932
1837777816
138174904
3562632076
1184983935
2895238881
1272149822
2525764542
2100363985
3860999689
1867017899
3832986119
2993454498
212829783
3975223665
1777942857
1782444712
1542498834
4213710523
2995540000
1817459732
778591033
2874325713
2689559608
1609168975
2082509479
2453063106
2236173980
1085015323
1982094434
2320790758
702866513
499740136
1097094527
448619973
80441687
4248283687
309044185
1347216452
633525225
3850843789
788715093
180044486
707925678
2034103802
2709879164
677735550
3658885478
3228359737
2023755146
1891781943
2533965478
3896331008
647812089
4009816828
3316870817
2785521396
4146034920
3207475530
4125240341
2956070571
3723811747
2909460776
2518195540
3669774448
1132789190
3790361536
1164051814
4235271733
3849586266
3354576312
1436448916
2653640571
2270319926
4032407284
946799241
3242140372
1108726036
1101678601
3923268153
2088148120
514325481
3443867104
4157811124
682040707
2790290512
1881188056
2519147196
3803179518
302397220
3756503440
2030750984
910571733
3007118617
1484297202
511797343
2514525771
1029223200
1679352661
1946538447
1178957321
258327366
357948975
859898379
4149373850
640436194
754967007
4117260683
77199987
745597562
40366467
3388622657
4170404041
3242938452
2772882028
1591146501
2460435621
932631982
682614339
1850118290
3081820540
1360726851
536594080
4055488475
1867777671
4181547714
1765917856
70299717
2395257662
3605530595
3212693422
4189723750
2458628958
2765323712
2815854661
2576490981
4293814192
3499463999
1777168984
2752059906
2846189256
3432101651
2394369650
3130648425
13303984
2700744480
2436443286
3511078543
2967149278
7879333
947324959
1256594707
3618061681
1450509869
3584352584
3373480575
860695095
3591656972
24747724
755308376
3394165648
2328479759
716959717
883916123
3275331531
3392418919
1834475666
4083596347
848464746
2455288020
1368483633
1440944410
2462226752
2327421117
2816834070
855398804
2344503992
848744174
1101798955
3674891094
3328249155
1162785141
2212081742
2207003047
3348578889
2188165447
2726281684
4044501785
1166035894
1763436644
3886866445
1897221006
3464026008
3020125200
3678563582
3082220895
361734210
3772727822
1984734575
3212114128
3233336915
3135618457
2779714597
666123819
1775801744
1642912352
1486887751
1994582952
4200844685
341836825
614922960
1668594554
2117782491
3995899281
3990707514
2651290647
1029990760
27137190
2647050898
1859456546
3379936603
427788093
670130167
1859327239
337489732
2798898534
1570538224
382875512
3458706660
3764720187
130982874
4089579447
3988069271
3577060479
1101365825
1998990352
2192047189
176259997
1607347172
2862473846
304366864
517586721
3254866084
4265233070
3111597217
2173872767
601548904
2528973852
523731692
2109647964
3260425371
2893515103
3630737416
3327554762
3655017727
1079025570
1765091530
2793381411
3233000553
12062451
2220195375
1185775976
1482491897
390724393
1619169739
804300083
1054794810
3097278479
2827380381
2906498429
1619212940
2939025579
3795527593
2142351882
3388840357
914237016
1985406046
939844319
593063942
2480978225
3656573367
2836906751
1638485081
3151058502
2134392671
3678145343
3377664006
2317144292
343157843
1537551076
3608045847
894716839
51700211
2130691941
3352707716
3468459512
3850658364
473222033
2540375239
1976987901
3068680922
873644894
2696822352
1531219434
3477081851
2822858848
3920898894
1973479683
2048972246
1342578717
3560416611
906261346
3770754833
2518265240
436305254
1299902520
797673161
2273932093
1096212777
1003675541
3770827192
2255072190
3412671763
304040488
1782623019
2652218354
3090351794
1674283800
258634659
2781942071
720241398
4131535216
1468328611
2625476902
1346714298
1466758588
1030097537
3383613754
1965843639
2613185671
2386720568
3447967845
1604367106
2847652779
1735621477
560160312
3302781437
1281328537
3673638214
282195922
3945845962
2952485023
2582661239
405156259
788616707
2107040492
2995334581
219260899
3427059775
2980013594
3463442692
1490375776
1539801999
1929737709
3893411732
1549058526
124214400
3502936172
3405233129
3829913996
262915206
2487735777
594836862
257059764
3274196127
1591721492
321086457
1169912608
2505090181
4176088794
1388676964
589674370
1438391071
1949986407
23301704
3990088387
270131899
1056272724
3459697907
1032990360
4256013786
2680135161
2510842121
2030993640
3064834632
1676539539
3924306860
1913538355
3090499937
2761090866
2357499347
1216979271
3031823256
1608522937
428053752
4139400319
1941965527
432893173
3290400961
1296691147
2409283682
1081705083
4209646279
308388505
3759809335
3226168324
943618027
1672814080
2505535364
3853296715
1381719096
2813235464
943843594
3874261815
3837250844
3914383965
457660337
543234103
1793137656
823889150
2398111546
1888090257
64674955
3695680699
694794158
142470278
481899875
162257976
2296111168
1528656368
4066616085
2266709537
3194812426
4002484419
224301566
3183695305
28743413
4016629600
184684318
760271196
2199772343
2472479169
1216078749
3959214909
629312613
4280817042
3779042161
3742007808
1323985412
2940234551
583727719
2339601273
2620231747
2414719193
1749244405
3402581466
3255701915
1400166953
4207740177
303452499
627163161
1725586711
3161522437
727793259
3488108110
2171611475
986305867
331783547
360201508
4068558938
2920556326
1724763116
2750433896
3763079328
632102730
2149495255
3045403119
2458947380
888715931
4252568661
2073864946
3961869590
3662824611
928360146
3931533353
574259375
2542603259
2983742733
3511555872
2576636310
2836201673
733116010
1882226221
2006380304
2872960510
3224944044
689276871
3880602793
2544906910
1425803074
1558288932
3986305047
3655891636
4079208720
4105500746
2033920223
4199459664
3200587619
645133440
2702939268
3016143360
1998836676
1407438532
2194370200
1039856854
2393970720
4047888006
2685010344
2188779810
807999393
1869935552
2697874966
2279424825
472072208
3135116392
1984857600
2073947684
608472494
1513390809
4140171017
524799468
2013464203
3593172844
3003770365
3623995496
36875698
3569293154
224278110
3023144083
2885860589
2917529376
2660584910
2736648561
