4082530332
1161433898
1535202423
862115276
2270669501
2484655189
3085617164
2169731650
1013908782
982715902
4140837495
3135356011
3436722883
1414135436
2758740210
1939788332
324772572
3136935939
28985371
4229763467
1037476529
4252811600
3538155385
3439547344
1413886544
608439715
904730449
121354265
1375714793
3584644367
931946512
2654999948
715364304
375057639
3238207910
3099990608
1595913844
2371340833
3536018438
403647032
3637541254
1993855855
2900305682
2667923282
2394142994
3749465335
3396401259
2044930735
2280531831
187492697
3824070987
754525244
2532057560
2440530617
2734150953
2578770587
3225945847
515271456
1125645907
2438930834
3881915074
3361336772
2736353052
1711573937
2674243009
2150541652
2983545392
2722818399
3846699946
3699094450
3634371374
2449448034
2388651715
2429773673
2196357339
1028590575
3289924624
713381144
90007352
3357300814
1293766533
2771459797
1529570112
3756654074
2119817484
2435871325
3937955830
2978929303
3657173033
1039504122
4087204582
4034077419
356582373
3139865689
1456995677
3564505334
3041112856
3441896410
3258550254
1056081960
1605964810
3803014149
2584291797
111688655
1365000617
2194420815
134456472
978765155
1859785397
567765409
1048451587
1387729304
3392112773
205868451
2450143593
2850311443
962361100
1315512316
984142007
3991242329
3364514747
2469167857
639503313
4010332551
2005390829
2432018618
1234019128
359867328
396796798
1574507473
1886942170
2651558093
1195560837
546008780
665092475
2301206805
2502785045
4124828085
2598397101
3184556631
2120973783
4244771733
448319955
269297482
2778088331
189032118
4078591461
284685044
4001708394
4229287172
3984271063
1093168766
2390668048
3445260543
311908939
2720936018
2105355926
2092237558
3671818212
2449760252
4253979613
531312787
3896346521
2492413628
3882324411
317067631
691466403
2766052598
4205824740
3506197636
34406342
883429916
3048416775
3508803952
4137683463
4149345572
1354605336
308885847
4149236277
399884677
457277339
3786194513
454732884
2736860432
1135543822
349477704
3906260336
1698686556
2075642001
514568816
2969181695
3718068623
3589311574
730761774
835258781
2475569894
2641405254
1548280819
2023205800
2328458057
3469799564
3987281286
2173143227
3750622273
2655008421
1401883178
277059411
3062798437
270337732
2753759381
3888791815
2703577488
4127706524
4284789675
3314255280
130765552
3221603198
2774415413
2535564611
3043037173
1700629160
4053178665
3841395118
4154564129
1160508718
3115783237
507098688
2478418495
3224099397
3471478087
1380243395
750535025
1089406642
1652981896
1091759848
2662877076
4244744387
1200893638
2276979067
2228935586
1838799958
1645893743
778768664
2800479028
3463518608
924537773
3235846103
1714227914
3968189304
3863605232
4034787266
1854382907
3626255438
946268201
787465014
179665839
2924596535
1293567311
3496193231
530545856
59945802
3292838392
1329009368
159017523
3590388394
2736074096
4187823216
29213832
137680816
1482904889
1898067572
950332005
2429114372
559928458
3635086048
118937416
1104127338
443334733
1161983339
3834408710
1925992118
2569511491
1712778562
1193163579
3362564488
4144233220
2926678072
2456601263
1011119029
680166516
2488750487
337585826
3788747024
3427498711
1644682475
90292094
4140669113
3332472678
921912754
2291432165
414294983
3388551669
1124397657
2532511284
3144214401
1832083498
3392354523
3757658082
1274559121
1661107286
3962614203
3505645956
1138468249
3038958820
1170711962
989324427
1134152769
3712994985
3820027170
1531401484
3394687208
522135129
2400443724
851804308
3197695068
1713088127
195673874
117006431
2742096149
766563245
2760806118
4135159531
3371988288
1881869235
2977533610
1358905397
2258770352
428393811
4288443976
323210854
580441036
4085145977
728747576
3223014062
4075673213
2256218919
745493184
1960500543
329164417
4010350983
4261208073
3432751047
1698694834
2504772908
1397167159
718791194
2352879453
4171041581
2784880046
1172444156
2792170111
3074627787
4278728360
1562781227
3177879668
2440946393
3638633197
2968410461
2563385373
2940584973
1963789093
3973706814
2481080866
2838103423
2183625674
533732199
265256014
4173031039
2680485523
1104484502
3890092024
2414814302
168161454
1995497746
4062404512
3853371768
1617599165
544358923
3280052949
3216375868
364764496
3005196147
1209322849
3040300012
1028484588
4258121514
1628543030
1452178860
197081217
4256199414
1020821984
872180707
2346780255
582442278
940860984
3998785936
3944167670
2762927328
2533743533
3913836355
3765581142
273288116
1457603736
542098833
171952118
193150788
2327422778
2934810384
3954737317
1093147605
1684725654
2873826174
1824748231
2114975391
3083032631
3710788655
2999593985
3302677796
3720118359
6485535
641817691
2015038343
1571421950
4096210265
3283285051
489319692
2747051619
3508709938
2660715118
424192871
1176173234
3287366056
1629719372
4101962387
1285805559
2951009118
2776871412
119808875
4278834430
2528292625
3789543260
1011392371
525859840
1833254928
189348008
1607453785
3797297419
1031210488
4029594803
2857892715
4163302820
2178652259
200399383
2906280729
3784936525
1152932590
1964066412
3414762935
3410599276
3570692197
2322702496
3013325320
430457215
1264637297
3786472629
2526190676
589897542
1160260670
2921809669
1787921209
3546357205
1006943459
950065782
3299175917
3141126837
2066764572
2029792635
1661788732
4154484109
3899993736
2583302341
3696245725
610335
5684033
492984484
1843209281
266794844
3781046354
3013060950
1890023286
4128527282
309806892
4254428849
3020153830
2022347333
874690038
513853101
327777904
2996646482
4202744440
3426580513
104271896
2694384467
2846247350
4183161153
1539303897
2035050
63193183
804576167
3537552591
2782356441
1542362991
2114377208
3134118518
1016580181
2145765642
3417912772
1094949010
1699961689
3778582094
2226599519
1932574558
3577136717
833905687
2372777337
149640110
2374868174
1292961527
1062372094
3071357374
2521123046
1143859390
1809880676
2193563481
2860920484
2085006383
2320508291
2173219679
231002269
2491419751
1315143577
3362597871
3274957072
325177917
2861960418
2702131581
826799974
2700096937
611837983
4050802506
2070622123
749679570
2981630873
259374960
43494280
3096046942
2407991987
623919932
4236812328
1144606386
2124591988
2416823451
2263665477
3218318494
2124188238
2011013576
3427314061
3805841307
110283108
899351678
2377817256
412685309
256398841
2390992623
1357212020
796808440
2710229075
3847072002
132951751
3428948027
2949824316
3471988042
3869799506
534526074
320776741
2431504321
1721988083
2831319030
3686338766
680115926
1438691150
2238789899
3612923499
1459345191
743296844
3605560211
2176449046
4112880666
4076726578
146360640
447673205
17014419
122306475
621033649
947190805
1673435969
4194244771
1008676120
2700030913
3761433812
680812007
3008685449
3575973302
2698740412
530837611
490075146
1151940807
1443216213
3657299559
2276168384
1740890271
882895184
1521231362
2122088532
3403628980
375625844
1156789377
452018090
3829888489
1576641932
1438330213
3573574554
3004068154
858239084
3597812348
975607732
2190406485
2129997206
1135604026
2435845274
2001415774
4214200185
1541422605
814343114
4289812707
3387966146
710009128
4161888599
2915476113
299358599
1625491352
252213193
4266738332
1509476364
3973876626
1599430407
2030006252
2009950486
2625891423
202345337
1980038186
2559545778
3448207303
1032077804
1270776921
794091143
1171807238
1484171060
3388100900
1757940167
608237391
1443548777
1126388385
2183133361
2089939061
3022233189
464697758
804125261
1059171660
2545519335
1750503227
1906604998
2666765703
2655458104
3480537729
348439319
1438050276
4172018237
2564010677
323420958
2653499053
3695020012
3496455842
2781166972
3644426140
2496930637
4170941542
2935961597
4002185796
2404723881
1144749572
2831512543
3227531688
2057784060
3771407038
267381791
4270218667
3898967369
701939966
2113443365
3020120511
3246393292
1271489596
2670310774
3593745516
1380574876
1829848244
3047914072
3990690823
618552615
1264101769
302728310
2518649970
4235782312
1126543600
3223994282
1719137181
3461709769
3056965443
1045118750
2293273379
371184817
2089000851
3326286825
3770944256
2841696377
41079756
4275077353
1772099465
3077295977
1341073360
2046672017
3619640191
3980199101
156316712
3480017904
972582772
2461649221
1885812727
2056664318
2191801504
921713499
981056611
1665170487
4031832517
3235856955
2785866732
3439187593
2308707987
1867832101
2989138400
1345651675
761493692
521712216
4254284990
1522424989
1722547853
2187749754
739778733
1300339867
970224131
1259494846
3292439819
4228723643
4270224242
330516327
438712308
3373414570
2655451250
2925102965
3547497222
4147435623
75457221
981028241
815799954
1872558630
2167326398
752321170
3394159572
1699117820
2960282853
1741330459
2797215484
3883915760
4213773736
2534367652
639372917
1465771625
4111242666
387302255
3942094696
2420089915
2828312165
1714165448
700397254
3462279980
3171184266
2336974858
4180737060
1407028694
1773598225
2560409264
2187981961
3358959095
3733984222
864772938
3581179102
4285762185
1646440461
2474455173
49359124
2815602239
2360903669
1505210468
1014182017
848368918
4269112488
1497927235
2272979646
3734566999
2854140984
3584755586
213998564
2997423811
2284563023
1818662871
3107635555
4177348850
3085837085
1404617916
1424838000
2529818828
1323807267
37767966
290594058
36827571
3515168440
3366606562
2568528292
1939127503
4161590424
3700104908
1753814332
2863168506
864746538
2884473258
1024467878
2986448310
875797241
22824198
3654007532
84284099
1021345924
18810756
1104271920
1020419157
1210283201
4137005573
162156956
1796044084
1085183216
3246836966
2280517831
3508114667
3350602374
2873192239
2067951655
3909320510
1571493554
3235162063
2891766999
3933233418
2730186120
2706780483
2264623230
675936698
862617519
2603464347
1665754814
3665999255
3758234154
2915953492
4122100955
3018785041
446743487
213389420
3319905357
853216219
1276040510
3480802408
2693267900
1248647107
453213793
3165956777
3660097388
1134079806
1187710357
2819577453
576343539
479163032
2977069339
2124901206
992337717
2054993391
438865107
1124543335
3236647165
3519629853
1229508862
2615612797
2761762659
3136302461
3815700085
4180424657
204983811
1199207186
644209889
1713034269
1675026852
3873627409
1850055914
3855027794
3127244873
1432874599
780278501
63545191
1485315327
3696108088
1655250610
3946435250
904023212
2076880550
1682675998
636650280
4289055441
3043717144
429446437
887031654
1565479914
3146574317
726724345
1239277747
1249103943
684578109
4162995536
1793162244
2169408283
1078609418
949063921
36631314
3295185219
1021208584
33314854
4050515242
919848077
102306646
794611777
907949601
3261507373
3196705031
3898631546
3694748601
2957215546
3955216330
3073676308
914429383
3058100328
3860319196
3297088478
3491686932
1075589816
477569612
1190233920
4191612404
3478608157
1609209531
4074156187
2582694137
2998080166
2201087359
