2437860836
1568564358
326137696
3810585514
1714110321
2111597486
4277218394
2000101667
1286458196
2796966150
4075492908
1305274035
3871877934
1243227944
558832157
2100075151
2528453752
3337172705
2505637205
3050575649
2557147838
913717999
393688549
2737982526
385405676
3055150856
3609088015
3994029709
3692035699
2119530082
1024478162
3307971764
854443631
3193724757
1054266520
3275865772
962357595
1212574403
2943106858
740345605
1218188280
711186382
3921688383
1961072748
209291848
2661991105
978155645
839538663
180435002
2855951309
2402942415
3601875920
717033462
2497530426
2635877801
3127008903
388542019
1439102351
3115432639
1531695704
4261379172
4208374697
183955617
956296090
4142568864
2927976435
2481662580
3938988034
2488185888
410468925
2482640345
694543281
3413911085
549478217
2824950007
3745686729
745508790
2315550848
3667805312
4001538132
616786361
2330346367
266487295
1278446431
2770418618
3679336419
3951328391
2167439819
3959391214
457116705
1544941265
3313976595
2009672365
2747326663
797923804
4081339218
3107308985
3272661328
2888548984
3570149386
3307234867
3781440396
1238656961
3546813364
3133848516
962964231
1854505928
1998467046
337057502
2645020142
1083457067
1961717968
175542998
2053400960
3689977722
2236029537
4113067653
1777158982
2209604030
2540563139
3659778903
4216416077
3128133225
326278376
916098763
2441986017
3789148075
2556186203
3193207139
2148456070
3613534828
149285303
756508356
1011124344
844171391
3237477542
3945955755
3288783481
2126004254
3820602159
4142991550
532585992
3090474349
347779556
3019021037
714126293
3435966963
3745996537
1801166681
3086946933
2861108330
1306202638
2220118329
260583213
1039756929
3518079141
2207052536
2386851289
84643208
1946994671
2513695373
1741806652
2336333679
1408557993
3051510429
3695583046
2566221338
1577766174
4011242161
1672065318
2944320193
2366122021
4235938459
4131516079
3350423399
1752950222
3870163518
575566925
4008675265
1082760795
422076250
3908928419
2040849374
1235000131
2958675410
2592178558
290413180
2728226947
2738421280
2689395267
1005563430
1521231211
2115078464
1145996309
3460294897
3940046483
890696023
2180801656
1444340653
1661216824
925669393
823914028
3023631069
573697814
1295990198
448719476
1442867944
1205079204
1319626815
3215407332
4095704604
205859047
2391063311
2220233766
3786980125
1043758195
1876979971
1724289315
3584866412
3748400635
1844909707
1471078454
1406812614
1085962782
3303321048
4135116493
2235801112
1411453489
3090536940
1956066617
1636531278
3364111
172687420
4059943720
3812383546
402898866
3019861431
843688855
3694807841
1046927616
4201489393
1395111990
3348932865
4003329738
408435116
2839016254
3949086658
2507747493
1275008824
1976177579
1434278238
2058932478
2896113597
1260539308
505119040
1967097025
521864661
2386809104
1306843419
1999482422
2149378441
3972852482
1968378604
172031598
610323422
1576007897
1002455315
778071818
3426422697
781553883
393258213
1865537686
1132901545
3379697258
1510632542
1419689271
2392470462
1850282765
3778742996
3601245741
172960314
1204264643
1438146463
4098436679
2502083803
2111819660
1415181867
690572956
1104690715
2251461281
4219348704
2657454695
2132648985
1816093914
2362096391
1562073007
3768632050
3122381555
1514917815
1686112707
1202330463
3426160409
3420935585
3000564530
1966760667
1806507880
760505962
3352601224
1162676336
2646242215
967252203
3593087750
2262838579
1939899706
2623072725
2078093317
1262534563
11133684
1891463003
1302150350
4146564893
1548148951
87704332
1407249151
2650632183
3594220846
1975001303
3530800966
438583245
1645716878
485483156
1515796705
3675704597
82432486
606007493
3077879965
354961770
2724358701
3023465085
2437996807
3094829101
3328428084
2157241545
996299998
2028169754
4252874261
3080770563
1411775828
4091696375
1969687119
1491436028
2535395031
2806397678
3022441400
2489048253
1479619763
3719317343
3567008901
597039206
1655471579
2224359463
120239528
1561283590
505830215
52682143
3694662485
1837272741
1879945487
4222129659
85943118
1035616105
1236811336
2552145574
1771084643
4045824945
1299513694
2555169773
1228089129
915276371
935434265
3250679311
974766062
2911822945
1886208344
3352147357
1973843017
2458238334
3523356975
2341848924
4263482456
2923684677
1525844961
1881601490
486909539
1204967938
1522853613
164695862
1573626643
2524435971
2799971763
3064304384
3625636457
1172347460
3627482101
3573330774
2188902129
388744689
3842860546
4180875481
1888029407
853525284
735026551
1732641101
1748020253
2501414550
2555750282
3550252873
1945192234
2841038044
3085483967
2512333774
398471394
420608085
2210629166
2963850344
2102484783
2429633825
416748172
136996991
2911790163
3268125028
1117055574
527704561
1424434408
2162941954
3109488559
3870369581
3439070776
2933210890
2471726633
277386119
1531835508
2206691125
3816208437
3250344808
2152557548
2203457911
990177404
1128349440
932908417
4256614636
3416573249
3135400261
3375779101
1352411510
4180430471
946713726
771379853
4123715586
15124843
3490613949
2722535388
1806292581
1776628455
3505756517
81991483
3794537661
3457291674
470475642
1647919017
3783970070
1203923972
1804737443
1987955431
886880871
1779089601
3893589046
1142707396
271238897
1610875309
22138218
3183375846
3351827380
3601682514
933150727
2566167214
1634064677
1460869473
4239176938
2024819273
3205147118
3926055780
958069140
100371809
3400815689
336189031
2313215694
1946101353
986702065
3669671780
2519792742
1898391320
2524979016
1690807250
2583208910
625607663
2055822395
899421280
4288190111
1459877742
2990309305
803824241
2263471500
2703555322
2298871901
1820823132
2816807986
2908118795
3650673837
2170820009
83181533
2498901232
4066222258
638496306
1552833536
2705994000
1731626663
3958863687
1144241301
2258884169
3979280468
255633112
703328764
1828249956
4028749872
2043900657
2437840609
63730174
1844564882
3533331389
2610205763
1103422805
2481267097
4054504994
422386756
3614980870
731608891
2557963001
113004593
1581788438
360025168
2130619911
2964107313
3871382299
2812119673
3952935248
2696117281
3640660565
521411408
3761350505
4003021740
1435878779
3435341700
2613025073
2464630985
2683941743
544370098
3465699721
3903578477
4227628574
408378673
2135533882
723091185
2469330948
44407160
25497776
1330362358
3522110037
1433397584
2178631682
3127266221
3470247994
4229907974
2511198363
3560105667
1481763886
1821830912
2997154593
3428994351
3502380865
4176535712
2514219288
3281801758
2223891175
2694968210
3605710178
1498236759
3538844727
569732745
835458036
3260233326
965414630
942381729
454279036
736764834
2115867933
573811564
3287707601
1536392322
796698074
26682018
2273256395
1457824363
1766955427
168446810
3461153077
85657059
286596100
3480626104
1145602715
2582385105
117222549
3514512816
1760952930
3461887069
313112229
1311890473
1809776904
757038065
359791199
3855782587
1740086501
1139930509
2335706369
3932473113
1671813727
2992157371
2001168728
2010868265
3099651115
3839945311
1729377489
1142454669
48884774
2104512258
3731697186
2324908356
532318479
3038582061
591359986
1750365711
3150569545
2363268385
167414057
2463436688
3071485586
1653832571
1065432785
3660785758
720974801
3080088334
1701815596
1225088697
270686278
1336168712
3548044262
3245570075
1328404123
1386795109
2496848436
2202273071
2942360338
2418517239
2679737743
72714484
3369851724
1131917283
3724922850
346931107
2615019970
2691029207
2006028625
2816425534
98722598
2685579646
1597698247
3427118753
558379497
2973380299
2179854985
2878933361
3457761131
2760746651
3419900715
2352037857
3881278482
967044961
1771300700
2839346367
2486935824
1974965
59516704
2510655738
634861662
3946505805
811501586
2515465611
148981751
3669951592
3792220995
1557003702
3021676781
690830906
2246935428
2802052600
545849605
2308134747
139253328
3832869609
2249986469
1703713103
1043357751
2008997065
4287583942
3743449757
2813226979
215380858
3464016910
2058343363
244912069
423454322
213663571
811391377
4081285407
700021128
4014895169
2376201940
3495816356
3271576038
1888778580
1078330016
343240582
2404126993
296427835
751779618
3850033293
39804818
2701548041
4251429398
271174325
1076440700
2648566824
4094338793
1318952711
1844753759
1281172375
1862568104
4002823730
3016878516
955327809
1668520397
2636650644
879573148
2375590236
2092915444
4012193896
2226883197
4029973897
2233951567
4115930153
428406784
163082304
2093354296
1980150606
762891582
2972244652
2229725321
4027838820
1713977461
3751828973
3357044918
846312383
2629224658
1195513888
3128046278
616102505
2350281697
2427860767
2142587890
1639880379
4229811283
2914735586
3140094203
1879418028
4030093476
4055696353
1826380873
2878101180
3368952578
3165617153
913063278
3618524045
965844983
739416002
1703174462
3106887904
1999995162
3375686111
362592225
370903115
3194154081
4246327430
147013638
3370842407
4244200904
3817427306
3490330968
2643953592
908661507
1520196703
1349746972
1691271237
758114163
3763682170
1148587221
3980459264
1693547017
2334000926
2671787834
3735664797
3434451052
3740379697
122608999
1751600190
396415128
1249949687
2870167347
3264333663
1160736994
2611247298
2481315206
3402495340
2902551103
3919259286
3393506164
2744108881
1754361261
2075786486
1077148033
122543250
1505651167
4080951500
2062962537
2964114029
183927432
798081006
3614728065
2907790984
329303288
1110678924
2812565181
3534345611
319008678
2350922344
1139828563
3084343123
2482795827
3884942351
1355276001
2270749657
3744222714
931426736
761204732
2397795847
260156228
1941964059
345893530
236038113
4019475961
1316647623
3632454945
403506309
1904371094
1612300455
1393848728
1128956455
365947575
3311366437
129506679
2517033076
255277627
2226977944
1879095419
2708219121
874926764
2538767810
1952764459
2251019810
3953998472
2125322545
2547744894
2915679250
1193882222
3768202539
971981510
1801055006
1243637452
3213347911
3940222947
634485408
953922556
3679170482
2499475168
595205011
2647162132
2255369308
2386647493
2420457860
4235256300
1854871008
1187377694
3648450344
3635619915
3512725305
3364781529
4092783257
266262080
3742616143
2080197018
1599376269
3682502298
3100918365
3479415612
1438182129
1368824845
2807789659
2008384327
1086252983
37242207
3983796316
3501518222
2179312672
1166386427
1353983264
368589410
2856664880
178708344
1983640242
1371921441
3459869202
1939169270
2338315348
1026063352
1367026056
730398572
1327409560
4032299002
506772448
1726307553
2474809404
1031004023
1827749370
1872801717
3174764760
1149220011
397383978
100159247
2750405498
1379460597
2146852288
1578946389
729837186
1703828915
2770031327
1002310621
646806168
1318413861
1634638803
31469101
2225942804
264765040
202288898
1631570907
1751248415
3069149435
1802959269
2885354894
1334810770
4038453769
2551555758
3083035922
4020428115
2162021988
2527058995
3118401729
485962378
29409350
312575337
481023896
176356000
