2193187558
3467751072
1885106269
62018601
2855410350
2503837375
2913194994
3578571172
2839548361
2810464188
3656472057
121839025
3174579223
353652266
1450127981
3861774452
2970917296
2116927427
284225074
8764257
1172061168
1975939720
4270173597
2320590559
3704270452
4233045489
3945457757
3452686188
209032535
1006764196
4031832720
3260834434
648280919
396876685
2541978688
1771314642
3592995401
726619714
3213919692
4181537645
481007174
4225853882
3419259038
4107837945
2887017131
1714772159
2379616729
2192237066
4288881885
1801993404
1295421224
3720266989
3995736391
1307333066
56257169
1047429200
3050915088
4094609345
765615353
2074695399
696636542
604428108
3971755168
2090373831
689924215
324048242
260876925
3376779330
1332656350
2247911495
1027030081
1587670044
1338991867
2824298431
3413960609
1414171531
21508204
2763791848
2425172030
606334307
533634354
2966649086
1963846627
3126807656
2659249149
1681465994
2948347420
3696872591
1997907682
586869213
2618051912
4274460180
2862810367
3933341906
2867577685
4169996056
2860577413
2198605503
1470684353
896379308
2537235692
3543691803
411738284
1228004935
2054903341
3381579840
2461020264
1886992423
1250443567
238321288
3365569994
3461405939
1025632914
776463507
3931466144
1100468180
1905294544
3753658074
2380787659
1346911990
1002256860
3297371115
1866830960
1772255857
2945442707
167969416
1010544438
134974158
3107068150
1910591111
2912833380
1496530958
2899071387
817525003
1915524582
3175397077
2288526779
3530907007
3274896443
2855678476
99686104
1307604153
2282904088
2164935444
1611930516
373510680
2748330723
3391081725
863145322
3617225861
3663819413
473812019
2476088111
3141261302
2071897491
4056066506
397679300
3682917996
2575493279
3170837212
3111753479
4127734711
3540483421
1491035769
1499914194
2968986375
3200138316
4007550723
970096759
1783366067
133774922
2484225819
595938187
3088029368
1771799116
4015612505
81245610
1936716917
3331785957
4104716861
2614639759
2415618467
3605818169
496577024
254229220
2666116868
1397200926
2158571271
2664832993
41094180
4293163243
4106995125
320089534
6382044
621497888
1159007895
1536740250
4226933965
993694839
232158725
2074478788
4162565756
3029352508
731689886
71465622
622338059
4220072978
1436815835
1560432598
2919683133
1219595985
1534876846
2790104605
3231062809
2158576682
3021279642
2726065273
3219795509
1194039099
894361896
3246951015
696428099
468631046
985343028
1429567766
2375284833
1428294242
2674644595
567267782
1019868696
1253023298
4294436881
3496182060
3633621301
870155551
45708991
1815597858
642848445
745505183
2233487747
2563152052
1868976518
3818341566
2638945945
965909326
2636005167
487752860
862077601
1279474331
4235444876
459013536
2291010309
981830149
3358783387
2902972424
2587383485
3569447955
4201623879
1459216981
3623562612
3704291721
2342446920
4056579539
3776058579
3387020637
1749338445
4127858482
1952091061
782405506
3536627962
1758979577
552494805
2008587610
661405207
682587255
1285922734
3254159845
2841155682
400196116
4259406888
1181238655
813301261
4184278119
2416240885
2251013028
3488105121
1853436711
1633085718
4196670209
2312474401
1163448047
4267426197
889642576
3627830478
3486496666
2473949881
551149038
820346336
3706613924
2947515007
1824345639
1173185905
3570656620
2740903330
4049850073
308163831
1646111833
3143935025
795886998
1791625770
4024357551
3478443751
1336364543
2944023669
1493541835
3959616698
1933552859
1159940737
185007860
2585389401
794721301
3564048784
625392660
2246651165
490948797
1344928152
1122035209
3157262964
2358987654
953096843
1126743946
1522443887
2600568056
3607535360
524146369
150129185
316986876
4205136829
1118297098
4219861549
4273087805
4259109438
1172725917
4284899474
492041413
553468870
1266714445
2412688002
2454782385
2140141060
655146211
3794758310
3239406945
1354195621
553995752
1580331717
3087499683
3398609039
3322306071
3652460456
3697760298
3376431144
4108252180
3279051622
1783819129
3319522843
755568390
798632781
4173227510
1932009924
346073524
2136519039
517375072
4207416563
1699436902
2327313660
3774569033
3570002685
209051901
1130308861
4038649630
920996807
2304285812
4129298269
2968294753
671687170
3673426088
2271125642
4031501828
1203673410
1189770679
253459628
999272703
2352791873
2177515611
1956992457
1082513881
854103259
2910039933
2406880410
561712032
4095962183
2337153333
4024946330
2779385000
2772787136
2151301456
1318168809
365871972
2467131921
1907641997
2891384930
282747618
111726361
1493541977
3966088956
2982839715
2902626558
2013127190
66657062
3372791501
2941901144
4138674102
405346556
3142075176
2793555997
936570308
1341467236
989061740
1794150730
442631476
244747243
3486906333
3115174846
2792725746
3180506475
3894034821
2574413768
4240756463
246680893
806701687
4256296239
712555710
3604993351
4232574817
3275890394
3423864863
4001541401
1015987822
953900975
3050924333
660413311
2151526202
3189176724
478644417
3987455131
1852604422
1812032790
873240743
513966766
2110418669
1348907028
1463634187
3058785813
3416426461
715700686
3425434939
589632591
686586482
3233127616
3958835066
1981376931
1877479789
293346495
3086826050
63344565
1096866471
1403880960
4202848804
3927319087
2020069540
2108902914
2546213521
4144758962
703040688
4236219120
1759223414
757620729
941337546
505810915
4049726560
2223094529
177670044
632433217
4231369565
2236969301
3829843614
626698368
1422911720
431143701
1699924971
1873720058
4134311160
3696928751
4038937141
1998194628
903728140
2527520603
66027289
2097751495
4013425553
2733264252
1619176995
1162842623
4251903140
1609920804
357202152
1300246330
1553475254
3057700346
893852346
2228279798
187210066
2208125299
1644737271
2840643724
3259419803
1638888523
1851853150
2295652755
3769799227
4235652499
1526286333
962265704
2808940021
1815328965
2925091801
2550921685
960257054
4013992757
3489858303
3840373250
340951649
4277596298
4085580603
3376307544
4257581225
143238925
3832875243
2908995357
4146762010
722737862
3264394684
2944711539
3172536793
114223008
1511331602
3589632776
1556132096
272759393
1347238435
1537336897
2148901594
2762874716
2392622311
52593287
3551926377
2915290527
967560034
4091214464
1927190302
2173244
72067100
1939656396
1104672684
1643596421
1431940183
2883260035
1624561396
1378597020
163281288
3084277345
586364241
2167916256
1117048511
286928847
2097626361
297766435
3542308
191466460
1032384224
2333437157
1175173604
1781674131
2584788643
645168726
3397665864
1580150
38099274
674130184
2302437879
3081516452
2827523997
2413789338
1959614694
3175608122
1265776057
510544394
148770305
2709281408
2789002238
3875383708
3357343415
1363584375
3358864902
2668584406
393999737
2183236518
372892921
7507886
860112795
1186848863
1669924076
1126485168
1215190312
1064553139
841209680
85972215
1111943932
2765048193
1040530360
2299036446
480153863
300998348
3761870950
3618093093
623897275
3805418980
2601417711
2330276899
3916172604
3719455567
2076485218
2398182963
2819822255
166819671
3727034223
4203395371
1020535883
550455645
2049898860
3461973459
850257578
1681652121
3909912544
3488793886
2164246655
3356494344
279822692
773550911
3764135723
1706519782
1062886182
2562779948
2829441545
429824333
1546821849
1839149523
4083981260
1574509296
1974537653
1358653189
390483267
3039846901
1940476763
2430790474
299337448
1432268999
74084918
2144630700
2131956945
4027807415
2148660791
4151943195
3971798951
3102300913
1198594816
4008892633
1905405426
1611142214
259376635
56752778
1902054853
225649395
3847559447
1529663931
3841177114
73500388
828284891
1546362533
1635075518
345165483
1148918243
2700245696
4280045019
1715169685
1710002745
2248074909
3647836490
4013195128
281417784
1548777706
4029938524
2178588021
224425500
4032275325
1888151390
3587211890
2732978103
3521796573
2101559695
3216050083
2748369312
2332689100
3748511735
1669159496
825555494
1387864030
508119763
1116026420
4114886017
2436963998
3577711589
3465623848
173943826
2115357902
2004223396
4020742991
2142139828
2410467022
2209394656
1307675860
849476768
2905488011
2205742423
71169711
4273272090
2521378618
3628330954
3064742998
1695952333
2182064493
3909615335
2386586737
2290336367
1114014022
62086415
2983829197
2794853387
4193895029
3488838991
2671619003
2855113809
2434338407
1690599149
435929558
594638952
959968369
4145366005
182910524
3695870027
573526951
2599956135
2293979152
2527774123
2442101692
3819923409
2320220119
3242050492
805852479
540872786
1386563614
1290355452
1414570046
42810125
2195082736
1519265018
1089262255
1147969547
3810346325
3964503560
110667516
2195359787
2899828137
3353422283
3573815208
3480113007
2482888201
2294215773
1913811789
1879375554
1594012565
22012493
3098676626
1868087232
353166240
503210341
2664844153
948674700
1650785463
2035450992
466287683
1915302991
3107465214
907977055
4022225916
3746916509
3904907521
3666827281
1916826953
2024791611
1495852436
1982428194
1036369810
3591109135
111183243
3941185385
413881481
2458106608
2231540257
3022851919
1702197936
3904389036
2013484822
565168163
3393995344
1868411053
1635769760
634447005
210349384
843689050
3699828573
616488564
1021285757
2438487824
976330316
2237164281
4256199139
985102538
2788782537
2356447765
2887017858
1778824335
2377343501
397710779
4064968843
4038417639
2393743452
329789643
1706964412
2746885719
2486076969
3549685002
553603686
3544105401
2193186356
3387300306
593374194
3802691907
3841568096
2958408234
4239320901
3469675193
3702789024
6724225
689929227
429575364
2576959384
2472171445
3768297296
3278899257
3717072931
2295952662
3307148505
3655075904
3273305668
2822993008
2593728405
2671745592
291427447
3143140793
1912109833
1305251473
2973155453
3252854647
2098159473
69250259
160579948
2619885544
502877362
1848024382
888428285
747419606
2894800403
1187767883
609750556
3795948551
3660111142
2670367466
3918738711
1263133036
1600626199
289778210
1401793381
730447362
2414974762
3403604566
2134707523
2713177245
3008603648
360255396
365998588
3881110846
2586292187
3317336455
2677401613
2382894969
4199265718
4115362206
2108961024
1991176545
3188879219
1589809328
1981865094
1334011766
1565384852
2900125195
3873330068
1061355513
193301078
3213650972
3596104775
2513088380
2428485626
1201227523
1630117704
2440624170
1112091633
3482475260
47148998
3855944449
3606780451
3321808717
474782196
3633915253
3402840917
132972510
3513181452
727247486
4255670634
1061913649
1096210168
916394787
2129365736
3044323662
938046844
627202466
2477888362
1786308982
1517382536
4057709370
1931285033
563999891
444845046
155736132
715558062
310630134
3458223172
4275083192
2533885162
1980521144
1681539429
2421725816
3429994420
795282834
7833652
936372431
4276307065
3315768550
2898587457
956207906
1569139720
2103265282
978278837
222200101
1751159058
2588655541
957327261
4187552804
4125780758
