4042735530
2250942945
2968763022
143585670
1055470725
3386970336
845048540
76584490
3596261205
2500910393
2728443979
3629111856
3642319765
223818710
4177002994
1946723555
3585634403
1877376422
2960914419
2968933288
2685133366
3679500423
891999074
3266354866
710958880
3279813464
719813301
3314684279
574165741
901800688
965471804
2626898651
3623482725
3460231092
1497279393
2729281292
344653173
51414292
1680826285
193162567
2396856143
230340154
2125410814
3977997063
3340416568
2316604691
845159879
2948076726
816749388
4048812421
928524657
2822757
121581376
2217593400
1085962092
3280453797
393747709
3448809080
4233618239
630212234
95638191
2128056686
3903709537
2660905861
3027907170
288218962
534849955
1310699851
1408638706
2226153685
1705768909
621591995
2944033829
2406363248
1233832298
1914452159
631673436
2461055741
256522356
3357689730
2488414849
617188506
1312384780
128605394
3262309519
1442387819
1542168138
1533319611
2899535977
3269615531
3777771948
3305388062
2121267517
1783767437
505562809
220870829
1354250064
2803994355
3437704312
1282341712
357855093
4129457998
1622286395
337450522
2395083724
3776467639
3283438345
2964514488
2051188687
2571911355
1008076134
1416412581
2326058933
582236585
1580336804
3332835388
3451424395
425186606
1170576073
429627267
3257428045
1148548750
2631992499
58944188
1475793128
2951993433
1242439116
704722375
1705427674
39930631
2854620491
2404355828
4201521771
1251644564
3141314635
2889671626
3767730527
2530267931
1639669237
2253787241
907867033
973782339
3728060711
713193660
303859680
105480478
2267565115
2260607779
2583744710
4214153794
4165174192
3774034397
2118808388
1595787062
491835712
1760293641
2398054720
2024321221
2497784991
564612933
2412269201
1686165676
3927950178
354422490
1181973340
1536057369
2273347022
3450165231
966737482
1288397587
1684639353
2731849356
3888646667
2658110356
3773105778
2553022493
1362442809
3119069911
3951486692
4076674798
2294292008
2956443533
3011886569
1299363579
897218645
4033485715
531527860
3089360281
2668922305
2144004618
4111210942
702027878
3996768883
2671826334
2579875136
4270828667
1793472927
1992508076
2523214693
3225154563
4228833783
1304151672
2132786477
2174878385
2906507787
2449262259
1387172001
1269829777
2731261554
2133843577
2276425668
2433787324
3704888011
1036602117
2349286869
4103462066
74315126
2665914839
2139920548
3433694819
1796883364
4147963695
2493112525
1215005297
2793790700
3766574046
2720151219
1372397372
1914634727
2708681205
413930973
3083260630
3688416427
2550729126
3150368265
191136190
3399217713
2033483894
2889088102
3854014844
4232356685
870760723
3236762049
1982554261
73593470
1037205034
4247994133
1425126377
2185569057
1247377564
3640608074
3279420460
40333646
3348207337
2875886311
2179460265
2392802758
343893752
662573946
2818988435
1438204475
2349594728
406915577
1113899221
454364072
1915771415
425616468
2456173825
3328823125
3631429540
2713700719
3406549025
3164594699
937081153
3061446339
2767746609
1217658241
2485497134
2512958579
1063801057
2186317405
3924802891
1192592385
4043799099
341507990
1481122980
2911199614
2336407052
2345112389
1434662910
1718683187
1121393964
2680992570
3931123178
2903278204
3908572706
2559083465
1699412327
1052797061
3275578924
2351762332
1285535070
928160578
2573086832
3096279914
2946076227
1285223716
1599683085
1479479347
1674183616
3729812238
2465160580
3866775201
4290270618
3208902143
2065510876
289258893
1108384651
2437381089
239785151
1160024888
3163941993
2332509323
3835937780
500022965
1116732915
2414804324
3727808702
2107521085
3837069734
4181087513
3172115669
2294159893
2296449492
3762521864
1042150761
2254463244
165772746
2708901602
1453345815
394176349
12313334
2313510043
1251783885
4168310152
3107236444
688823998
2947455799
793546463
861603364
1691334077
4001566890
4128646929
2499766498
1343712564
2791656941
2300965050
2705755169
3484577984
246906024
2502284515
258439334
1240842864
349281805
1817541326
1009293236
227287589
2284658437
4176034692
3083674654
3993354532
3007319327
2724194860
2286899932
1620967065
3765765341
4261425689
1667868109
3788897163
3607552631
2425571306
94563055
3302720533
3732629523
1140727953
22055392
3127522881
2196204883
3695101561
4102337659
1020597781
2478282969
1563760512
2652224808
3612734548
2101428472
3390324332
4095492120
3712734540
79422527
1762211722
2414094272
2948551724
605216084
1336114986
1357322918
1095293530
329072861
3090771329
2588631625
3362951297
890147957
172819683
462269605
819097648
2534293482
3492878733
3538938502
2107348237
1310492294
1697078272
346368272
955807030
2758471242
771293973
2102157539
2909231475
3634268107
3880941211
3969641535
3666613838
3802480449
777608555
1019513468
3083761865
3610638969
3055085866
1844724797
3945666680
2839092598
1973677551
1081430398
3733100316
3232915874
247392900
1879532229
1990388961
2584744947
1493359597
4243781283
1009263049
3592473413
3624586918
1026354119
1883159438
4084965936
4053557472
3454793128
3236691498
3603668339
221206840
3620835751
2922751884
4211154335
806815915
2773659397
2958100699
2245245668
2941158472
1894731834
1172940144
3362582729
1721113617
4133647103
1524519652
324808262
3490688685
2093944693
1047746596
313114288
1331565161
837702766
439563360
1893820663
38915383
1633181007
355870290
3988628564
2931791235
4271801547
4054516597
1858070617
2072576943
4074707803
2452141942
2008838233
3139957253
1640951891
2036763951
445332816
2486166415
1746055368
822072883
4026502355
671863761
2998743864
2802748143
4195831690
2306403202
2771306119
1417017465
2708240324
2627325287
3468472812
963485256
4285283116
3416498893
3972650646
3267836779
2434505252
1201055847
3927107963
2486863421
3096945159
1387961038
321997044
1515272754
917571806
707455818
476468360
2338666569
321174522
2032960599
483917905
4132585648
784318744
2030457717
4211908273
3217971446
2400345810
2269123750
2781964458
2620863582
1404705562
886980774
188194875
3554365347
1093143464
1546581255
3367633162
684008073
848886658
497707384
223702739
3385079320
3008663598
1569669987
1730299990
2597093192
2893920776
800715519
3461004597
1582512763
973163805
2532496756
2021405002
2859804973
3494800833
2321592489
1660628136
1151416634
200267710
2101272212
1959598389
2200529245
1753749799
3704253416
2307209115
3671505185
1734753548
1844730910
4289807957
2766121692
1448410448
912848679
1934504524
1494415409
838461826
2673596385
924626433
1442509949
2623369122
36158561
2770105388
2968147543
221877290
3858732148
1052810542
3708710273
3923829491
581716081
925855831
1796199230
999310227
3497122102
865679864
1758406544
4156948733
2936913244
3382742888
2246369877
2681225602
1523187715
2808488124
1735614975
215769757
1727552468
3659463600
3362239666
878249670
1236674009
1664063524
3632598946
3481968456
2024180922
2420715155
1766914127
2236411961
146455874
873181138
3220563148
3617071860
3844038277
586283291
719463227
4216427781
339177960
3050202206
2152897185
3041422474
2113429412
2120194427
1053317454
2819453191
2769149085
3743582224
766790801
3789995214
1742334311
323905386
3143428702
3760102943
2556408046
3319753452
2643110864
1641729935
2354087380
733203061
3829927354
1824196956
1485589695
3248969705
3220251182
3022127916
3640309690
194329379
705881703
889127385
2529482321
1115671411
615696841
3315450513
782984122
177551701
4285951432
629003123
2633460468
2037968774
2341345723
2664538122
1832062048
2193075929
291493289
3728783296
1326277604
1146749986
4057528313
986068578
1780257573
2903189675
359899943
755000068
584027724
3390283264
4141405572
1912778964
1703153012
1991993428
1298072892
1282079395
2978303070
2567072883
3852948925
3435469645
3141910379
4171698382
496373214
1461226728
2988468494
372369052
2640111476
362509474
3750298959
9851050
1480761506
3754334290
2540623225
4023444478
3022490572
2729624703
3179713390
4235139087
3885197124
1497135551
451942766
2790918342
3809145732
1817445875
10022811
1532848210
2319401494
1122062307
4085158387
2275889257
3827875903
2632768526
2270660344
1850119096
3127328220
797345274
2883736533
605465991
1657815251
453702474
1338606845
4273356895
695999299
4242923983
1660767107
3899564852
3080644795
2472506471
3276137311
2339837223
2287797761
4163792094
4216942100
2098786621
1577300163
3051147934
5118167
399713645
2665499942
2747400639
2705317759
1728938400
3741658082
42891865
2301974836
613922461
88414073
3314574176
2321658515
2043628534
2645195358
2342390613
31476588
2233133880
4215066495
1297413558
939632453
3106991061
3191022368
4066018193
1086253457
52955221
4134836437
1255422021
1618289318
261435500
3533573856
2986204509
131719995
2749382071
1392711968
39082295
1831831343
2180051108
3041484211
3548754017
2794497103
3872372309
3827899218
1061409582
1944640584
163098635
2174635743
3982635408
4117666776
3860184191
277654432
3804244495
3665926504
4209055421
1716657727
2322700270
2855539270
853304765
3581729094
4268863543
3425316313
1074064234
1976382411
903056280
1184651438
3757791944
3740505185
1562067494
3505824027
3009799494
2804849298
3592840651
938591421
3336386827
4083715507
2813673950
4232435934
2516823907
1368758394
31984853
2725309620
493078620
3259591671
1555111014
3337721906
2607628447
2061541813
3745244901
1783051214
179592895
2524728232
3842130203
142566138
898824784
805804032
3644435008
3483222457
2155896194
2648679463
313998131
1199103130
1131215481
964665640
358947619
3194104446
3703019397
269914580
3560432513
2634101660
2035206559
2463615407
3622829782
4278797633
2018340686
2948941136
1288118244
3587307633
329491357
3001225343
2354503242
547031740
546635803
2529156974
1772359972
4281696069
2662950871
1651811036
2178182907
3357603284
2220466447
2373507521
1491826728
3140571605
386767794
1924344517
259803811
3440868778
2708084283
2615976138
1701672301
2373269166
1407627961
1741264689
3597152828
1583688347
1933867365
2539746616
492968476
1602377753
4290782645
1532439309
373917715
3095537450
1517825189
3083724409
85715783
440155957
1258583155
2622438032
2816782917
753143052
799235594
1690865479
1292871456
1803436762
3391626253
1384991522
3525157248
2690907362
589828249
4207871715
14647113
3273588855
1047946962
2425400036
302068371
723393315
547889428
1991274118
528199671
811622989
1227276159
521393906
3482859621
2243320412
4224201396
805059402
2521428843
3198033530
384219704
2012529685
2018632760
3760633571
3320319499
4160119477
1604001771
2142246028
763308582
4093392036
3295086003
3928993322
860238313
186788647
4098152354
1301287857
4243497635
2929964646
4104417241
3738511077
1626270458
255148165
1218665812
1287600894
434103452
2121698286
3903034340
3834833351
79295607
1454830961
1873400829
3061774741
3386539519
3562357327
1379398050
3808788398
3230453882
2251009846
3269516302
2466713000
434155498
2811233889
962181960
349819154
3254709058
1553019690
2938187725
1671930310
350460558
1518445859
1774482380
