3606032784
2638857736
2452117952
213592951
350990139
2891736643
1254338817
3085678056
3608750385
1168728114
3186301481
4236874738
624172675
460211930
1920135923
2482877180
1459137339
77060311
416824653
1109782685
2511365000
3445969330
1827710086
3976590587
129776189
3583306967
683702709
3065993564
2719303289
4009084736
3933338516
2460655587
269986135
4149919141
975063681
3176660970
236942560
1957036955
3740083472
670393597
2952759832
1575040589
1737781470
3370473075
612857583
1629609811
2948086839
1726598969
648825215
2579794881
2247294419
1650597014
1132248585
2285984713
2184531194
759619241
4259704853
1259399353
3917107375
3780087353
4038674481
3983887149
1659838261
4081048771
1292408921
737110585
1301719169
4194795541
2791392571
1253969262
1826326524
4143878499
1016010501
1657082279
2033715261
67978483
1792518975
1333871199
138057459
3067604765
3189816845
2655738967
472555592
1512619002
2863075367
1316610022
2121634622
4075877212
1860379607
4233451598
575492673
2704529799
1109144224
2369101058
439260959
2133652569
2723493329
4101590042
1921685299
3115370569
4220355346
3443454191
3713555588
2923144239
555023094
1785436277
1199157401
3117238388
1465173577
3134740349
368403670
767903059
4066570883
951991815
3364041067
1081265420
2583773932
2223343446
4181104359
1026646119
2440503739
732313163
1109894855
2015549768
2960256907
3692329178
827968285
2134898001
2237728498
4127045524
2631247404
349409557
3179528918
3514890061
3569612261
625200910
2882540747
2766732688
1491931173
3600831878
1936133138
3193103117
601721268
1398686426
1108247949
2108658967
4026901061
2422283661
1712719939
2423967688
1688974149
2536956855
3429285314
3886609216
1451076386
2896914842
3366793035
252584986
2835547119
4214924713
239657415
225544975
3128661191
3487136176
1804215863
3330224896
35103785
1623166114
952936189
749289509
2649913580
1308249934
2289297641
1542628669
1735798779
1361854050
119506147
3173375476
4015272183
1327324533
588022944
1826649013
644573452
272665378
564796573
1282047414
1727031411
1962911293
2918441337
2266192971
1825435239
1724815097
1191558596
795061842
3235014175
1176122264
1457890629
420181028
1026701256
4168033863
2322319179
1614614487
3664891248
75088316
133600853
1774053795
1451918824
1559004202
3649184171
3745127449
1243892841
22169686
3204650888
2636545881
1040005061
2802526600
2427193452
4245999974
664076087
3162167302
2822466562
193828477
2034097192
2299557988
2716486941
2339342910
1354268778
3577419978
1692701570
1599382670
3994929910
1759052965
197062607
4144275944
4035126693
700771431
2872301062
1248525650
120203923
1430653264
2505586710
3484432233
1927809630
2072937163
1090809350
1072868217
1450062238
952423781
3031671945
493889877
2592174860
4292842955
800110927
1577735363
2527719244
2503664134
2561027654
3268619045
3147053635
3807464634
4008310066
3652794332
2259992616
3100158076
259649698
2219333460
2927615242
274114246
4063050157
2299029456
4284696345
3995328276
3083858395
4105182888
865757867
3819217966
1695307834
3191220183
1855453415
4095612546
1584470130
1072320249
693306768
2998188926
3562236545
1133765621
3200373850
1240954841
294797017
3219427569
3696893272
36169021
2781649372
1641753368
3528127057
192798769
254339631
3522922217
2842314238
2089248122
1911185125
3193423824
1790061397
132296073
775182726
3672155582
1600786382
3819699089
1940730091
253642998
2418147955
1195771537
3939239287
2627092933
2019113921
3340732964
212252482
230710471
435651103
1186359285
1121056403
4015543684
237461328
1417342428
3877630641
2885163761
1685203909
1696393967
3567571425
1706703961
2065299853
4168101581
2346068974
1189211505
1430063324
2523877670
2743074989
1088224000
1010851353
1011541782
842840400
3335168932
361256810
2801033849
3640707208
1408707860
904068232
3318950204
2879608716
2670567992
3080978042
3739252818
360775692
1795359768
2239047840
4057229490
2640098721
3629811349
3810416516
3536632026
2197604586
3047805534
2485147898
1794600300
3586245933
80201656
3659914207
2148603725
410065496
1726530661
1344604602
728764450
3598289604
1840523391
3913621247
3843417910
830888878
3046946557
4205922596
3181414573
1853526840
2436154889
3543613145
495306411
2498414042
1276271473
3885765773
205489022
68537230
2956424998
1339599304
1881694745
1546956135
3883462476
2029805294
2445944771
2695736296
2360593151
608987537
2491392416
3531784906
3395146078
818553222
1814768603
1950911253
3533279071
1263832025
2782738637
3932381324
3541287089
2435445071
2319101123
1337260274
831808101
598512793
2767837657
318212483
3199275175
1328540675
2627886255
1206826762
1210082679
1026323959
938506563
905863440
1358258317
1200230988
3768443710
2936865731
3419274204
1395408417
3085881452
1287821951
531230137
2556332290
1704675019
3825924965
2420409027
628169314
3818430780
149963980
3855470845
3713860046
3068656559
2887057730
996795605
4215779654
2847085461
3978239453
2702405889
1973238279
396009405
639142160
1258994786
1255452232
2775760357
473358031
209717567
1088890709
1684177265
453485559
2630908550
3206194275
3289483178
3639581816
944768946
476229499
3161307765
1491347312
2792572307
2988587258
2614023958
529760285
235104107
1599818313
3786412916
4216105210
1783562233
2220568494
698769045
3060434477
2736480151
3735525259
411837711
2477481413
1080468870
2079019470
4176166488
2700477630
1918541118
3558746157
4128766170
344039699
2194584190
2485892923
2471708919
3236171509
3784975687
1381477593
1220670514
2890808403
955799755
2546268188
4097696598
139595997
995925680
3534196957
1465443919
2338903938
83294987
2787100498
980433164
185296694
4217416768
3058115558
986707612
3836702168
4091550833
976244456
3974025042
2418764317
3736957370
493860649
2151654041
2993319571
772025726
2154478597
3901046331
3324291182
3117020608
2223199081
2976039075
3027858368
73703382
1284240123
1690749745
3911006482
892911309
2341792228
211606864
350091475
1868072487
3807531804
3223235563
93142663
3529455099
1475930027
527951606
1108876562
1900199597
4256930105
1448337147
1967848698
2704522885
538493127
848721531
515316473
1833561813
180057674
780390084
2720773016
1455567629
228468194
1904983187
2831161482
2958684506
3413472286
2081090583
2502792070
366423583
40867425
4009575539
3856019867
3891676864
1620741261
1186408142
2889951333
2665300393
3695643297
771464638
1824751558
2300245866
3752240293
3209782751
2414109095
4040599735
810918180
957474646
4198815352
2237989740
493480771
723518250
3306219146
65930460
1902784807
3950062523
4166055054
4083999326
3826137978
1522261801
2731056238
2200961910
747376715
1916508945
603716547
3739154937
2076335090
1474955213
3879704832
3588925809
1427127482
3378194855
1205789056
1663099042
1911962011
1269668058
759672295
1194664516
2215177406
879990478
695502314
2280560156
2158820372
1895281431
2891920299
282405719
1458308636
1840649157
2387992482
1625685231
1280425341
2728111451
1712491926
3391864678
294048605
789859806
1983104607
3310892945
3823856063
1443105368
3070456618
4004639434
1528904086
2738915744
1065802236
2790454637
2972418333
804174556
2268905844
578001040
3904416843
1031802820
1200827640
4153294006
3358497869
3702840089
1482149547
2083761937
470265982
2933305489
2349910067
1544645359
2248878184
2932432720
1542950684
4012072968
305288758
503669280
1125939932
3950658326
2978899596
956531811
2432726216
2219492677
826657767
3407215342
3721958657
2826928746
2595080091
2317213472
940232632
3142935275
3674089542
3639290173
2912660642
3321722006
274629012
4078299718
2627807712
3497964185
552397621
370131410
3058196826
4276281253
4242214580
6588624
662383517
3264005708
2851384505
4125488945
4189582937
1634419277
1966004105
3650446515
2615531002
527777821
2604314768
524475142
1115758203
3570870167
241540545
1167521664
3128031560
3506086989
1080192982
1573179571
2532461115
3561853202
2412144393
1088395620
2415826976
1797650918
3297277037
990040258
1279351107
3719183141
1219646966
3432384245
1929551692
1529161807
1879889710
1022173486
53740408
1118189772
557245737
853150830
3868468210
2253417692
1262127050
1492265870
1661468641
807928848
130499856
2162381185
458925240
1054280540
3726943497
2474275052
3627997887
546373485
2449185146
4213343551
3052483606
4142544900
4193395601
3996603668
3995523806
1155169542
3437517638
3173664058
1899130304
2396163597
1120127014
2297306719
3720440894
2265411392
3616327128
3250179366
2922213713
3457885346
2983556969
3776913004
3074570693
3216604317
1314364818
2181132856
2013460325
3354885288
3004102883
4042104012
1653223873
414282175
3226619048
2373005972
3821320358
1990305631
1818199787
3179000196
3756062703
3047502943
111862572
1958252551
3348476695
335001615
3037129543
3370272143
1420710754
3714958432
3021901923
4273037475
1990867424
1586195093
2922534445
1997206166
771706263
3219308630
601390169
3910297750
2209606610
2714537191
3970657205
2170472734
2848492552
1711122712
583309600
3483849879
137079541
3257020536
3590768909
1481623169
4048866697
3339942124
1199182886
4049881549
4198348654
2569258458
3346941573
2414625881
3463021655
4235843527
449673213
1632159599
1003677645
3835272247
4201517329
682090431
3825295040
1892147345
2156775020
351284419
1750232435
326614135
4261047136
3979453577
4098232369
2718581714
4265551455
1605921922
1701094621
2443679955
1222100101
342261313
750977552
2638324836
2490862680
1914275520
3197016173
4189011885
1641457756
1603510408
3863392474
424470884
481357863
785620713
3154842298
1140575578
3307826997
3420217673
1073815664
2419672316
2053851854
1883502095
2304235610
599070723
78366846
3515442521
2704864097
2932564945
491229281
1253531963
2274509639
2525343914
4040704654
863674605
383530253
2525590870
1599050707
678636437
829341513
2502091690
2714052510
2477439821
2230827341
1724809398
891579806
445804383
308446415
9899874
1495475848
1973296892
3925646032
3406808862
113411171
2986446466
707736664
2246124291
3026169359
2961685882
3967886057
1501678484
2170270988
2370850449
2411523260
2615580427
177935073
2070507994
2127958902
1848423106
1902946178
436111178
3011326551
1369431260
2375503826
123508383
834227430
1972389765
850402203
1139704858
3076489346
2908388606
1827367839
2068638504
18147266
730106911
3417519785
3055911425
1515733583
755839868
2764561650
2938064620
3518684540
2785742799
1492832451
1698854681
2201705036
3425470177
4273290344
606918992
2767842296
710058481
936327381
2988997395
1368202523
2587109645
3422836701
3961197839
4054915813
4012465533
1128167982
3274931351
2049501900
106211097
332611961
168621108
62643667
4044407927
2466329510
1632769463
1321638163
2673391851
1416859938
191497939
1216334058
550278618
3371543335
3341679379
2224669932
4017117586
4169997078
2990635289
488995834
2207495758
2177807206
4155638239
4217564191
557738885
653298580
1266020762
1374090951
4169812343
956946785
1663972199
3289918806
129251367
1508975913
2398977686
863099667
2414654527
1278948624
892534879
