2599187328
1432037404
2836931120
3748253072
2145068335
712852944
1479901225
3544875299
3868105568
2392931533
1157690442
2209402141
1812355639
1548141150
4014108410
477377795
2690170290
199325424
650832162
3725252086
3414954507
1900097357
2623211479
300718871
1195859548
2856092111
1790183130
2487626430
883365642
1315643678
1963129692
3117087805
25375436
1235394268
635889924
2409803592
657768227
488300269
424918083
1982378980
2353980840
1669365861
2748236645
4090603951
3017325110
3420604050
2750167356
2866543467
3874634748
687752830
1922520433
562990034
258706773
3351210260
612044537
3613223974
230659404
76142201
2565540144
4071808628
2844617373
81913688
3599972799
2033627744
3226369225
3544041295
3849638097
853791164
3366653756
3122338576
1714550844
3683698604
125928764
1456526287
4171756446
3593592825
1814809925
4239446469
2535256771
698878685
1103694982
3057694472
345728732
2791839676
689642227
2977990680
4240019545
3669043718
908942129
713153461
3723922681
2631476781
1589155323
322716846
6428668
630611759
3486991479
3585901617
1053554234
1841595599
4025739230
1397917046
2636400939
2263049985
3654607159
2530543417
1438372110
1117675819
202785269
404643610
3043970412
2480861970
3444647427
278520202
2561711527
890205878
1746304096
1191681261
960850727
4236922335
2483491867
795955982
3467219278
1445639029
3081894960
4065022670
2125928316
3188761967
3064323272
1096988728
1201536880
87256640
212049147
3209220068
3136016658
2231871946
4138114472
2742007543
1941878518
3866434538
2746941167
2839268139
3542287
191464190
1019120482
3744014683
2931309950
4163877861
2230466558
2934691959
1938351491
1198021363
217894847
2904789150
375810278
3271510595
3944911620
2123676029
3170765549
472237763
1225635504
3538710590
3263486854
2712286830
2309140906
2307738228
2276147567
294882563
3989153054
2354124459
3397018167
1568706074
2815249632
2129688021
2514145692
1929986384
1359185993
1011526723
377975462
2405344876
3773516672
2623779652
2840527904
1809173457
1793950223
2349759961
3665254809
2084372377
639960810
57178067
2641397125
893008899
706248045
192906723
889691967
673853057
897292998
1774457814
1853091129
3562797320
1971338736
2027642620
1695016550
1007346927
466007910
2230303018
393122393
235804197
2335341046
3664052786
798483320
530854318
760730772
4275975453
2990912849
52421141
3276080831
987995427
3985893509
838540783
399062058
3313664149
476850665
3604896628
2181606875
3504193473
397296347
3332525353
1983982373
610077711
1295383415
2225581128
1467775456
3613166341
2465635606
952065707
1215903276
1742536974
2510558765
1794952595
1407392380
212099749
3536716138
2685939353
1015547179
179414474
1547334834
288949721
2675600580
1302810885
337104938
3132989648
438638628
2387037358
753706875
878149721
2852955351
3415042636
2494745563
949311201
2904600421
825938795
2457039125
3775577809
3823032462
4127727991
2693976015
3623121100
2128469651
660782929
1013036797
4078093958
2789402827
3613663324
1434702839
3466896459
1649122696
4210151072
737619973
4174340263
1933640335
2026817188
2168326674
2502886685
3298206400
31006839
1785265115
463402423
3934835643
1815314893
2145513854
4110772042
1473304208
2620603861
2107460045
4206218424
2498920421
1234621657
1581375812
1919032000
2238414283
3721876353
2068453354
1215082883
1375728030
4140382414
1465264150
2889738510
1076081878
3748000321
3299232392
237305362
287467831
2526637018
643141635
2203703041
294795588
3206571615
1557889711
2183569952
1115490348
3041372986
1815113906
3896550492
976836486
142659480
1305067607
4239650592
3175040540
2099834107
4260890575
800999244
1805373611
2672118568
639453600
3040166764
1550562425
2533839968
2780756239
3145988754
337359533
1458189619
839094346
1684642575
2897496121
3221372040
1523646576
2666559200
3030096691
819267032
2473834898
460188592
1592372444
1883090224
107347465
4035631919
2789812821
4157564794
3786796319
1276749688
1040278269
2884925504
2182804092
1629230814
1281965722
2825902498
4270003072
1573844604
107459810
108897706
560933688
3647664603
2058515418
2463176597
699234166
97417530
3074660031
3009237694
2746936522
2449878157
183956060
958783042
3801310218
2440934035
2718066206
155433267
3572501676
1981063968
134964465
3067143299
2942199001
816768278
224687848
1535159418
3142298164
2701468577
1995107135
1752234840
4262749125
2006624681
657173956
1449496010
1670178796
1223623739
1368004155
2894942090
820127418
2521704003
2897336971
2033891015
2386522795
1928288134
163045920
1912295804
3567803159
1167443609
347030059
3662823396
792546818
2438135993
565905910
3241736647
4115417284
436367630
2130497061
3566398167
2839858345
3904143205
2787800429
391387552
943428496
510417262
2463194125
2016821843
3920485426
4041628921
3181252911
3338181931
2223990733
861964572
2601010798
93171264
3610765595
4123088860
2754654175
1788355698
1486468240
141316986
4077791784
3838874449
811073638
510035488
813606853
3180557278
235147621
1912051798
2213756058
3609310900
2773677260
175158469
4290646021
822460012
856053212
2254293787
1392342721
1527223440
1675089430
2777567228
3258428557
1839287523
3239778973
3774831074
3690966986
1982023969
2353496041
1205799719
2055475310
600427133
3429746291
593092548
2998727135
1271808013
2142421746
3661613307
2989491539
3496569660
2041226275
3236396472
233316301
1706326403
3877402597
1669969982
3465980661
3553563974
76860664
4242891484
1747657669
341121325
1748550235
713001822
424045347
3561724410
1297720600
213165351
1861505379
3743175319
1527070125
3119805853
997020496
2467753276
1451264552
2640138895
2571664517
3109896545
3933651756
1407512924
1094743918
3437349559
2721685043
4180697208
617464154
2210434092
2689046208
2423584581
3416171870
4237532890
4124901613
3264232242
3942280688
3321210870
3901198
232228787
2570937496
1895221239
3705473765
2845140952
2588752783
49606113
3188577778
2320672096
888790100
1969256712
1392267064
2607541955
3768686513
796255876
2163276857
3742557024
3917874035
946795119
3123039482
4084214883
627757138
214491501
1925396688
1937299835
3429965329
2045159049
3644664961
3289444150
4016666181
373756221
1253117183
3589694790
4054664856
3023219943
1294784259
20081566
1858433781
1192537265
2037751334
1703533678
304904073
1216910056
461302477
74659623
3449016555
301069920
124423644
1822924
50705748
576753079
3389993907
4269643114
1914280120
3465744139
11533188
2029639060
738978839
431360948
264096888
3400375423
1890930513
634396957
3536336232
338828708
3731961726
2387644739
2055303244
2692402650
3157875022
1208185827
4047215559
1227741828
785765613
2334207867
232577156
746734079
150388735
1507163666
598969353
2520225583
826106746
2395816651
1521303179
1161253669
3737568999
1532029918
2705594385
3093441867
1187153263
4106696136
1502210108
767826660
2276284403
1210205861
1280550738
3333332104
2436597910
2123508227
885974608
3033004019
3504415728
2691051755
3857761436
2721076095
852240091
1643871981
2369895852
2077316575
3551632619
1139130149
272426218
2870565473
3779091674
862306989
3020168844
3406157829
1153045626
1646433003
2099726012
1629108435
3787423096
701064846
558608401
2579825933
397037595
196302572
3877303179
2790996461
1872861081
2272704055
1798995558
4077308064
3775775930
881624593
1671024845
1407831383
1890440978
2453414659
2786056753
2415056821
861453813
2054341475
2511140171
3395540432
3025883507
2333915563
886625808
3466620414
2509141186
590319736
173485463
3980382400
946596024
1665981790
2320163643
3538142157
2011244367
412192999
2649802674
929521030
2481715198
3629052048
1313503694
2011442444
3980488013
890847684
2008617261
2478942769
4227224839
4156768177
1506911614
1891712695
2831138635
984707290
3793749811
2427967731
1478050628
1622996212
1127198914
4285001031
887373070
2219474815
3911773419
2244913842
1681136712
3233005663
516232552
3367916506
4035261199
84555716
1721110389
3964099082
2716172599
2051513246
1415202876
1597914769
1100086150
1962471660
2355727355
2627643504
3214727443
1812177209
269829342
2858426098
3442516285
3950546541
2386686829
990539986
3496857120
2651663671
1149076370
3949940786
2376233083
1459227415
4088208742
450913084
1490419575
3531926260
1450931010
754470224
1265197657
3942774986
2663825243
4001424332
3899909811
1184728248
2239803006
4127056111
3964654601
1205151020
3960817821
1067873882
1518206831
3583868228
1935018675
1787298486
3934361959
772555194
1748308559
702596613
3301489643
4247126305
601853901
3834504684
271807608
2028379340
45964953
2173646046
2741229294
1252197510
2792110776
2313697463
1599780416
1936205503
3173980941
2526815137
1492917549
1280861163
2581094543
1515062203
4066755073
2336000975
3458506594
4122930890
58062484
4196583624
4108358297
3698624434
2118463805
791388250
206589612
2693882797
254431433
4235602290
3626150861
2258372031
3038442729
556278688
1601857269
317726956
2782850747
568326388
2183303985
573125029
4157654138
2237876491
1348927833
2320086431
2366144904
1593321994
795923015
2666446040
2411613421
661064937
2406113828
98149231
963170436
3620003094
1119763614
2761916642
3229804958
2707364264
3248053570
2591956701
4215556420
4192360727
426781085
423959075
2445406089
1145323187
1400927859
2370124750
1452947204
4192005282
2197468459
2508588081
1191800157
990016834
571635389
3906936230
674335395
2229882234
1820585862
2518160191
953250114
1290207199
4166855794
2818978443
578607230
1717823780
3301365290
308300834
2934831140
1518752557
3103183394
3154732499
3454417238
2262749023
50578622
380282791
3331574679
4097901906
44565440
240380942
1230271165
1162561908
2881267467
2452518695
139953529
2521009620
1007156107
3190350019
3022550597
3971363891
1911311144
1953757136
1293751491
2177565661
988011148
164937434
2788686680
2788431509
2548198021
3790152998
2812375184
111847070
1905335881
1862255687
3426066414
2183064693
1810045395
2701996236
2551092741
1392160885
2391282213
1014256793
3162799772
3733450621
193675744
1131010611
2482727376
2993523100
2184931536
1681701577
2153062016
986530978
2813355482
2658050117
3181595554
2245434020
2962575257
2760384729
2994270918
1790957530
1854166347
4256466370
1336791731
3188780376
560801548
1385913900
3869203436
3160367145
952416908
2831904335
2725236945
3038725010
962454321
4053445945
2543464394
1094570995
1955600200
3862131486
2100361655
3711651381
1925490258
3140493726
1512666026
738838710
1566460456
2761661147
3170728670
1198663108
2211995682
692398457
972563441
1887894011
1642481374
1356310150
2109530470
4286148676
658688387
1792176170
4057923084
2626695403
215316920
3043821071
1493130986
2415860060
4236791755
2779547790
3696153511
2483859648
2902395912
3057891456
1547704312
558251582
793908490
1040918562
1743581494
2238124758
1125287318
3007550157
2434849148
982880195
478479801
1583311450
900346618
3930276398
111660335
1268485062
2187891220
1595102106
1501679657
2224026772
3307980546
1740999008
2365060983
651796184
