2230050528
388624713
2419739340
2708175434
1559267398
3287423946
3142469868
1987660949
202561474
3315416351
1621474461
3099749720
282617876
3287436304
87311577
358384811
1328786856
4020000444
1231870594
1122450481
199684757
2838599578
2210707131
3928732358
3930555227
3491527648
1282888945
302984253
589220555
1864870456
1807867454
2727915115
2546926053
3684709977
2168471753
3513452261
3993021853
1120952765
470051952
4157346158
1817054335
4065773056
734109988
2660660662
297455463
1474148275
1927436511
1598530710
1077152004
253078001
2344587354
2518315953
38740028
1425398039
1116755486
3184031416
2621793934
2815263137
3289967485
721709070
2064129723
3452543328
2336394873
1476733870
2384616511
586319353
1364702432
2659332107
4118964272
3722042151
3720780217
2138804346
3573363397
1451469683
3135909508
567337411
2225334776
1916503973
312918509
3756353091
1975047863
2042143014
226359312
153997311
1087551140
146941789
3048570625
642007147
1431440653
2532769534
1629533733
3459650776
351825106
3256079649
277829717
994995568
1048084232
2520725128
595804813
662682523
719644485
3901712341
1015495187
2863084854
2145529731
855369245
1572888502
1444540616
1885817223
2315411392
2403377872
1177956235
2910329720
2373579634
2420350277
583619259
407679074
2014024630
3674253022
494944452
1324170338
1822725042
1181466949
453827991
3076743158
969216060
1491907935
2542811047
1927653881
1500204116
3356183801
2831467658
3643976243
4002505491
2798171613
3912713858
2856846151
3097240570
3539156414
4167695768
2268627429
2776144920
2986976685
1791075682
4017090715
875819660
622029204
2650644354
283778646
434518224
3324166747
3378313146
516231528
3351784254
3485334573
3402569946
2059483893
3188422397
86179084
1655351632
459705914
3407208764
3037979138
522332115
1244902461
4003762995
1803534843
199875590
4002071558
1337136273
66536044
3126838691
1325736846
738987132
618384443
2384963552
73471062
762518217
2871770467
1987800413
72614422
3147959924
666092448
1138091837
2848229985
362299732
1430613099
752004504
420315926
2756763483
3082351551
4061813924
3655140054
1838985604
3474144247
476800693
2877725826
467526598
2388578948
1420408332
3489250637
3552858564
894854717
3816692688
3815916485
3610233700
1351501903
1011198992
3147674693
3330501011
2328140795
2401882977
3237724571
2583541853
1104483991
3872868164
2299983886
2542702275
2077014512
1583709580
2960072202
4186492978
1847534193
3311564800
2995787840
3000257100
3881620336
2805778209
1513816156
2312755816
3844558501
1488732270
4139405767
2630181707
691363825
601624510
3917022087
2174751658
3085560322
1112189323
2503090340
1674554425
1202458122
3815533109
1917044423
1861935746
2424759889
170986497
3730156786
3030386058
1808858270
1573359111
2562667437
2620102292
653282889
953191632
3883933556
2028130269
1808980731
4038709532
4008994118
1436507520
927745830
3712788054
1847831331
2886357497
3734051251
4207973210
163286800
3111743826
3211056557
2660222849
3406018967
3898825237
970251248
2062410356
2565055257
471356990
1429067949
2048443958
2672901015
30168428
1002641568
2181580318
1736109332
634186398
3755503317
3356642667
2588289653
2119172870
3690712009
3327337566
3074556446
1879833468
2090603444
2453562596
977868338
854348400
710662411
1143710165
896068571
2628331835
2584174217
3723698790
2957930051
4020469841
2986599799
1797827192
83232515
2628358645
439656625
3145048261
250357512
2921127091
1061443948
3057830044
111795620
1729761900
4252673859
2841528100
2628114996
2372034820
2225918932
2938106919
3016383564
2634551606
3848097928
337046565
2532522032
3974887285
3921672192
23330880
4010848768
762493892
2305731655
2755428083
2431850716
1657779217
2925639205
4175812002
474072602
1950081664
1397108582
2516195470
350831538
1193286634
3548563851
3675025879
1264629959
3503273118
772167410
1197943007
1648204792
977113910
4119065699
3586753694
4115689679
288549141
3440683627
446328874
3153308588
3837567911
2390900198
3203273871
1139703690
3035865122
2164864182
1198795686
2767038945
1582056276
405388181
3657010989
134356893
570315355
2380463378
3557401076
4103661980
3634863725
1226310720
3031256082
675886830
4128948101
1793004107
2105998328
423423904
4115559244
1085926973
2116596191
361731398
3741685566
3181200838
2577728480
2835332815
2850905753
1123961918
468408764
2102101660
3619454511
649889082
2187405957
3557839833
199884438
4056043065
1791096906
882219107
491976179
3868953079
3664260980
2604148491
194538692
1947873013
3174799968
265438551
1356203908
2007175400
26622093
2224516025
2158430610
1989115095
2541938962
2984560249
652571495
3957997131
3836977732
1997894130
4055556203
1660180023
4214657504
229580191
1087088847
1986832282
1486868394
1116241312
2844538789
1850000016
699117662
1906520853
2065866991
1263849127
3442351721
3842186072
2398426875
3491983998
2666873256
2818710630
3309982910
2080474597
2042112465
2617488708
2230886385
1449578205
1011219268
3773385030
349238884
1360064420
3099892947
946852649
490388410
1543618033
1082671311
1760324696
4066340890
2475002978
2766386895
2361847204
780129865
819497932
3952653463
3064212660
3638115950
1370785205
3152598621
4243659279
2388630245
864706478
1827315546
3447432120
1072393091
3077114280
1457986605
395450447
2478698090
2897715853
1176978636
2141558949
3096565174
4132006548
769811654
1604563267
3862622223
4109147112
3823243954
3033313189
2057858939
4178820603
1763182142
3076523974
1864558780
1251323269
3755234927
2662639366
2108077416
968315756
644773783
4213952929
4103196094
1128064661
4012827528
2507046682
3483745650
1940659493
367422217
2633235180
1112928761
1839134736
3254043679
4189925207
2447781175
2385351888
2570348449
2929243482
4053676888
1047468780
21146492
2528368334
1041203281
2199356879
354102050
2012591216
1502805389
2293381619
3651588874
1048400625
4052145721
643582191
2263577743
1452599195
1647886529
2150148498
2953276914
929297011
422761615
4154173017
3114441181
1772651053
2847147841
808322460
1247839279
4040070016
4215387900
3987773123
1895084777
108095792
2200717208
1492009029
2850750574
508233204
2875305243
2726737283
3298578902
3166930681
3281297023
3216842489
3220065641
1968616612
1585169831
553528084
2266923759
834340091
545807562
1607809089
4049004166
3146251677
4106278101
653654129
4061594981
2286218307
1301646755
1318206490
1881699268
1806688665
2137791484
1902880687
927864863
2788165417
1380703123
2938409078
45762228
1889902870
1478249400
1999578789
3734805611
4279801338
4247028412
798793635
3799043123
1513970561
856387630
2402625820
1861702705
2068688446
3171015652
3199343783
3732127600
4099657160
556872089
3091036205
1803759068
3951943519
3333962636
2159163161
3005852319
1264743077
3574114219
1733129856
1825275866
1436808086
1220654282
2286139456
95286812
1104389745
696331388
2708313266
66050546
2144622440
1591349783
3742086259
1693014803
601735420
1658563730
3969941024
1294525987
2700724178
763155068
517745967
1475654849
1019493767
2470808961
4083661761
410584321
3928353547
1464722683
156640718
732293117
661904476
2173943894
1025318725
3828808563
4222870398
1048641628
3173903544
3619996563
398260353
2149915826
571690667
576336270
351312239
2048484373
904443706
795516995
1396815311
2898398780
1446654906
670855867
3823570323
2459709954
2287420468
3593907587
1975823582
1562121387
1780008211
2241414982
2681536899
1226587648
511287044
3138167949
2030425340
2205694730
1155769085
3103841395
1050604501
1624051498
1872808489
3561808100
1804594415
2700761163
3811463407
736692602
491863149
2172124477
628417335
4279015810
443530300
3808491120
3037433147
1446698748
2606439530
1960153731
1056168407
97217416
2480342746
2793070170
2471847656
816574317
3980565386
1699878312
3748163956
541358215
812777590
4075858200
3790527664
3201070462
565345980
2166420525
978538021
3666118616
4227350229
3153033755
3160976039
3849347442
1068195031
3395746533
2908637280
2425027318
2781366077
3364095266
2350541610
3891257700
3381204776
2412157672
2065902747
3518114855
1746475993
1763099497
2924629301
4218001724
1040889584
823070074
3289073921
1212736231
341990156
2214835601
3544926764
845747013
916964365
883350297
901973999
1440615512
885774648
1922103071
1848544620
167768304
4275224802
3829496859
3050330592
1219029901
1945457100
1385362074
2009351567
254117854
1802277447
4031977853
3938707863
3170221358
3653187032
3088683939
3335027450
3141212595
1697668374
848717336
406662359
2265364048
343240085
2398920986
1007052945
19728770
1644125198
2189107454
1220194388
2337534851
1173885075
2840550370
3756669558
3894968593
1884776034
2540470158
745890654
2415676029
3554304452
3077816102
2946342621
3762185127
1033415598
484261313
615900703
2851598001
1229203995
4062825284
186600748
3027603435
2287949238
1855068614
3783757936
2477688734
3871086240
2195242239
3614602711
1964788666
3763907350
1243386230
2269666422
1710790597
422042025
3468102797
454417971
2663184186
3433538544
2601372699
3051818873
2356021069
2269544033
1823713647
353110365
4196016911
254046169
1246434277
2105871801
881716470
4143108690
2458380242
1284626792
3962421361
1660784739
498237725
3988283250
3850529653
2528158191
2007180046
311209120
362005351
2472076144
873449231
1775699594
402206710
3106703752
1720066210
675759552
1503904641
1186086291
4123398971
3121655477
1056264666
3199950191
2815583811
777476293
2176073902
672817415
1091177010
429011023
3773468985
1427213973
2850238771
3231031270
3343680923
244749250
3501896864
3987666929
1856648638
3076174752
3438381705
3635443945
1169140091
702903389
1290743110
3797360821
4083602227
1581239521
3931879093
3403565843
2407548664
2408586156
1342786685
3492059044
2074443762
1945156070
694270526
1928758906
2099994907
1680744935
315403137
1807740029
4287838972
2754532095
115816843
2810931657
804276732
481646049
725337337
572524628
2251842885
376484415
2420066107
1069974235
1314289575
3458097184
3863882648
2385754124
1788881177
104602073
3746712660
2070893713
732809133
3607861648
2088136317
4057146091
903940645
4094044016
3142803283
3899274576
2897293658
2499164151
2642752240
2781370242
3717623049
279281404
450654165
2223483634
808406370
3317842272
2349131313
1541249156
1245611717
892301918
2921733531
3588981104
3188409618
3137714734
1579155762
2229339265
3530420950
2443167893
1693683775
812409056
3526746536
1905186424
1762169036
118535846
3943983888
2117093190
2403579415
3075900302
3444681474
3857636735
925224392
1140920633
2435279770
2918607398
4171729163
120153526
1245819061
184801763
1422415556
364400552
3250858569
1578293444
3633521435
2681136594
2830207049
2113768831
2538537275
1272274027
3053034859
3959220466
1300741223
4014880073
526569875
350665245
3708255082
3947691851
1943815454
2745160249
3917178223
3659443930
1165539973
1299912341
1187272491
4131462022
829719809
3488821250
782723276
2535666958
2372800722
1842989458
787328058
1183657793
2209653330
1570018875
1264904801
1226623069
1837202217
