2525841315
3723166105
2558400744
4222617292
2791137454
997264110
1291082387
4278456387
410385696
1440176520
3063665087
3977461027
2695163851
2516704436
782657453
963431000
2690026030
1241162109
3849918466
3728427044
3738748140
2903913914
109751102
3408132451
311502339
3148120330
3191484891
1866183921
3570787577
4126358310
1984959438
3947776584
3562113389
630507711
1484779586
891134711
1223203251
2848694455
2083120415
2630957310
2826152812
88159697
2629208434
4188710883
1817902485
3863805939
1930533934
3548868964
2358485425
3455889254
2857575676
2283778239
2948020297
34951870
1460774378
4294738075
21117891
2509923455
370730559
1241435877
1335742369
3345854943
3112805756
992985521
204490634
2412763069
3687038837
2134862189
4199494928
3424979679
246385900
2882259002
3753157782
909455552
2073966792
1817858936
1447824279
778065454
3275310978
1338046429
2859409788
3367419369
187606061
177948533
2143600544
3445013616
120489460
2479342023
74014735
1986029657
75528520
1145291125
280296815
530792188
4049226855
598981945
2750398355
779908566
4141565325
628821539
3443307625
1196767835
1656637371
1012513197
779860213
2990755087
2832877836
973094215
465844906
4207525313
2778233272
3887592543
2134031127
1605267382
3989119015
2505225743
1655085333
4187944646
2663560777
3977962607
3452483681
346814043
1375814309
3467856547
162515380
3571714820
2103590809
399518448
285011251
2542417967
1491603712
1578029345
3798976114
2335111344
179138773
38950301
1674668341
2729177542
293305050
2715827312
3496915524
294399634
3941751848
4125850828
2507985758
2330516884
3803573256
3053829358
683889850
2676248422
2667752912
1408208194
901897005
3616331648
3749013864
3279729782
933959046
4120205011
793644304
3231176298
464364705
377610616
2493882756
3991550479
2244867734
2817308096
2952796937
623665882
3695519003
3933433326
956500744
1525863081
2725365981
885695668
4082202119
3221041368
3377194049
1122868121
1623481308
3682716118
1361128653
44453553
88402364
3282983239
314549670
2193879267
2527029372
833897644
2168093771
4271907924
742661671
2088595525
3258559646
1990052544
3626717203
510922605
1748731829
1813701982
3025843353
2920981243
944944830
1252832298
1286266683
3868738819
4136856106
2766917698
4228682391
3241630232
2177893892
1327091364
4028840660
321299324
3256441143
1840900053
3597419980
846989095
2934057467
954161678
2051286033
75719196
1585344065
392721271
4015875780
2281032616
684368275
4074852854
3309716649
955627734
1824059152
2404255294
1119949294
517653021
7207059
792567435
2936797805
1626374231
1110582135
3826989925
2226224405
2215369767
999612589
4129573687
3316838801
3839753110
681543739
1039987144
2233873946
3119193894
2868322190
611745767
2329092315
1300973881
366273239
2654978840
3300080253
4010426410
607616861
2816090451
1364660146
898256882
2413067743
352311611
4188255199
3700841051
3281676936
2607777780
1060677067
3995262511
3655280977
378819529
3562506195
383979898
3496540045
3176083953
138262140
3930601772
484746628
3496746531
3735179540
3951650557
2362696248
1858859062
3840229129
630316447
2100085753
3207929245
1295354990
1101897364
2688998979
2842824092
3368556457
1096616511
1627680814
1561759384
1704411532
3004619760
4187761204
693935701
3426314501
2352998223
4109504993
1459271331
1748941992
145255527
4120175895
1427617178
3234489983
969173365
229097625
2004640387
3758448336
1711855421
198362311
3396372413
3350024536
3922582216
1573400393
249885899
3616221099
138761175
1745075547
166194225
548899928
1722806976
2925447343
4226146773
2537913418
192645179
3645981488
3719493122
2044361519
1122530642
2945655396
2106932086
319783211
1310508598
2349129031
1377653115
3415104461
348198487
3173009697
2953647907
8092581
999296069
3065355318
3136490413
330731254
2607290781
962129952
3117692732
1740652362
1129089701
661977870
3656564452
1842085223
1482002990
4045014532
33079540
3812119086
3995181697
2392008809
2506877686
3439369546
4226344099
2218186146
2551046814
2111597735
4293264165
149773445
2984034225
4285319617
3895023576
4125409620
2792601503
1181790350
3525877251
2846797431
428523177
1685003827
4292021193
527883232
7319385
817465160
422563213
1595058385
3668396726
1485866817
2929008789
254377367
3815844346
3799478678
474457049
3219374908
2818005324
2776537037
1850214863
4239616208
3021290953
3768965603
2831144976
1532567099
2055469719
249714645
2310700598
586248369
94659293
3580588885
4211412739
3951655167
2918638622
2657861869
796877698
99458473
615900674
2851052923
1043583626
611870754
367745595
1965848095
2880513832
619092813
2875790482
2359094635
64962199
4263879775
3082121471
3894774902
337102637
3109317900
561190483
3749607044
2431834317
440744750
582896762
432407536
1173288783
2959170509
54563397
2478248978
3287965518
1645157330
2452688289
4243709019
240371970
1164455200
1387786740
1529618309
1711499161
3063513986
2735426802
1685839852
48320677
1267822449
2313921669
251514856
3194091881
2478231695
1980854076
331040333
1433351628
168372790
3080730305
1921805045
1548180647
1585221162
3036733346
1010554715
451911963
2366091724
2048257187
3882617210
649210697
1624892629
622165414
941610727
4059746393
839068004
1010110217
3926618780
3993517239
1361583574
1764409946
445787412
77562560
1601809735
2289038439
614681254
1428608296
3480258907
798597970
3324820533
989018261
481819487
3275104421
2167220165
2316012399
1926820731
4038415138
2085513491
231643828
2725486381
2309839206
4279312148
487521389
1712408274
3315192699
468305337
623806840
2083676401
3620960985
3876338345
309496649
1322687692
2071385369
1743727214
1402258540
3453074325
2453697725
2506237883
1742872406
3170012077
586315593
1297424792
1384432472
1375627215
4202899164
1796635406
3436647822
2131723860
1748524116
3614230028
3806321494
50574272
373568694
3409662858
607942878
273109280
4261550453
713593948
428615610
2893925786
1243176324
2895361521
3518385172
705227531
3983484029
4191165337
2128379289
3381311638
554111695
3540739763
3419213461
3646990710
63542445
1479990274
3271749099
1987876552
396544654
2817163260
3385393324
1088431640
3612258219
1128316607
4097304480
2646497362
98290736
1387322620
3351382338
1031185501
3243262275
462413955
2855811391
3093349469
1054444638
417123410
616509442
1414085628
609264582
3346429061
1609983396
3432462218
1507229912
3646020088
3719436422
4198332593
511471936
1728636953
722694653
2311396431
2417042103
1211334915
49174582
2538142413
749461253
2282580727
1113225671
3334763993
2098222728
4119576127
3329014731
1621950730
900851589
629082443
4156155584
1111871869
319753423
1019820774
4056505017
3140479144
115126560
378431885
3378348016
4111275088
160182716
675653449
3610929834
746458489
2461195217
2142293859
3890350625
3051188394
3772521241
3970586070
2140712191
3602048439
2500998300
847841471
3502569658
2881228408
3313078545
1392418374
446909634
2478980623
2795984839
1933162426
3893653679
232717553
1743529447
3763718532
1030123592
4202691231
897133340
1697865658
2480409575
3556728925
4154092427
1487653481
2389719119
2947085698
1865081362
926585227
938475450
14772416
3329838172
3684144574
3019182522
2707753790
1074125674
3990310450
1541211102
3750723930
1405915111
1220899595
2835378848
2539090770
1206538670
3485986855
4068888555
898633462
4148343199
3290489657
1613291502
2927181376
168486819
3666847315
4158691529
736073967
3769374142
2579085608
2249126330
2783841431
3113619298
976333764
2339898439
2364087458
3415626263
3195324230
2366708365
3630422906
2840681605
2248361881
1862200732
302935578
139190834
3567350056
3376006740
3329872654
2893207868
2272186822
288867852
1953778270
2553850570
1465584208
23246154
3950633225
4247586386
107564283
451674379
3385337929
3955333734
65105642
253600609
2090060350
2168320761
2111611717
899311800
1283348534
1119552397
4134724618
30612489
1414482919
576685843
2206634847
26334794
1992361779
2217664281
1587984232
3678584389
1123071742
11704078
2090231961
229832200
2853691283
3072928683
3809312312
4002242539
745259214
933334377
3501607470
3126349542
1897696880
955144128
608913172
1109416308
2989902913
2374936098
1920871816
2663250425
227174848
1502850735
78103084
2885699758
1638524066
805465620
3914164133
4262583608
1949974681
3620470176
1183774469
2129507302
3654090311
725261240
3183132184
1156069383
812208371
2846793966
127493298
3211477087
922526105
2373654329
3536067809
1436377033
3797555808
910691895
2051486650
4045079455
3752534423
2531980834
806795981
2282849162
2633325546
4079894244
3552543075
1049330974
3766770636
3843279690
1798976106
3009379829
2915260367
2579278200
228247663
368117881
1851051545
4248134228
2407261324
2773078673
1052290532
4185185757
2364652175
1213018418
2196947336
1925224302
398554770
1434598158
3178714071
1768588119
2349753710
3217002551
1753912655
3830808641
1761751915
3459423743
2152234270
2443484678
3839731003
2386020995
4040292476
1579166632
2753188209
3138219228
2646451362
678114579
2910542050
4052745224
1770166543
1680743614
247646082
3791991939
819094499
2455578469
1658116465
2809356248
3138064370
700836810
4270551568
38588466
1246564097
2749275003
999336386
4294891217
2913163518
780254819
3794600285
2119282355
2181576829
1503823942
1777429794
4013198473
691090126
3417995505
1134701910
1249406175
3617008476
1142470112
587307830
1886607494
560850688
2226947697
4118430866
1101324677
615990035
235818684
2439595207
1798499256
2603400427
882249265
1303939637
2284509389
2374347486
2214824119
2768844108
3741893232
1124850349
889394089
1177383288
3793663611
1038119655
3146472914
3874476142
3408690966
2571686566
545363636
2806397471
3004712998
4147298165
4152565475
1220717067
330062238
156630959
685643668
671819483
2090912951
726782068
2519501604
986599424
579131648
2392096753
336824985
254133695
1925129205
3401375906
2648333067
2380967196
1506919486
2253725610
963904206
3721545399
3134197188
4246155069
3581417389
263984736
2496667380
1291612222
3683777350
388521966
1201332818
1195282108
3262495397
2768647910
48962189
2220094878
2966691867
1542082750
1809762511
4257083016
4133675793
848776811
1947166271
4120263736
3882733514
1545152172
373568367
3405934925
3753252185
3132320339
876509242
1880491150
1172375676
342016575
2490573727
1425595854
1132310349
125237052
3100516884
4143422649
3501414639
3995720991
3724424940
3880026136
2977930456
3061821031
3416847618
1679010076
1570793949
4050588167
1344393558
659383129
2880047127
2545776845
280849842
971073493
649365639
400054951
2535660521
1874690752
3819754055
4053083680
682469101
3119847722
688382173
2252659609
678007207
688717276
704200796
3377183526
38329620
942762539
2818351229
2460971188
2496174005
2358684855
630653690
4293969652
2395978782
490932928
1107173619
151047281
241210692
3032726024
3544199007
3727577668
1594858207
2514814419
1705707935
1742557382
3595821912
1536447733
3394798969
3510566086
3896161662
