3809790539
3765517714
1574365618
3661029101
2137944603
3302820880
961958961
2392489628
3249644109
1375334239
494773408
3036048925
2014353176
2394537005
2474864476
895406232
1702676887
3018133254
536233373
2445664938
3283826260
3182191167
4247072860
2264718266
2949122759
453831012
3118583335
589325456
3751324544
1440029412
893463099
202565357
3339420066
3826139536
1704180874
3892770134
2631682853
958813606
400651759
1237415538
3888173745
2373461222
2433218801
138449217
425525994
1281151500
1046398199
175956207
4269627691
4199646988
1438264533
690659165
2921625528
2549089212
91146381
2210822216
3103258595
1686542353
1838208032
2794623941
1804623359
4294773603
382647343
793475577
3439992835
933974588
268222098
2547833165
1189022411
3157971486
1914696205
2005932034
1198317696
2463445216
3712605716
2663313422
1052409314
3704922702
663963670
884117904
129056516
740977418
2614279177
3710643937
3791296637
1968826616
1317437554
1022373834
2009093035
1581684184
3917539797
3935331477
1230091044
2990367267
1798346316
2799451325
1547538241
1304710435
2901230294
2914279855
1260390750
3380571095
1455671999
569824139
2424640498
4221434625
733072212
902366118
3646518969
3398002097
507073495
2088555827
728277749
1367547082
996036088
2595072479
1714377758
3217548967
3863320946
581233517
952594473
3698426081
1205190531
1119021378
3176086609
395698740
1181118567
779491182
2800034700
4147260775
3715270217
4011190644
3955669484
1939564566
4258986229
2338403679
3034490654
3702027552
4163432342
1455316761
1970673775
684719785
2828182177
3379640052
4200380211
929287105
141830001
1999295611
3635724983
2285319537
3031437749
301916697
3620520780
2479980060
1111707607
3336421232
3291829896
3080532367
492848382
4090846487
3230512159
3701369057
2789759155
3883542379
2909581837
382486734
3213329668
2151253845
2487389028
41405301
389848184
4067903458
3145412683
869597998
2424479382
890122901
3787146314
3070683731
3811736671
2458209160
1334751640
1629835219
1273893345
1541346715
1539495900
432162675
2237977660
3963410131
982150957
87847116
1789725011
3232650884
4169119916
3045457887
3254072180
2725277279
2098265781
2581435915
2636483822
341702241
3506182040
2660595052
3560125843
3673807816
2116937663
945508080
320485111
3872907257
2625463345
260486928
274204583
523903754
565203283
3999748597
1175886178
1574981822
3208081911
3356540125
674330357
2126205200
3973793547
114223241
1512143796
2405150766
2410290675
2122400828
2154882727
410100208
2160942159
17561550
410965907
121928252
3506467389
3129462010
2649037771
3508648498
376908880
3004693003
2313831475
2472498535
2677328111
672257038
2474785155
3494569975
3470544123
1232624269
3694751287
3260074993
2392415512
2133264522
3228337748
4152335708
2168785409
2796775150
657834550
1819701681
649746857
3661927674
3759752066
950124849
716833132
2409464050
1458947526
215297478
2916074411
1997742615
3407836660
3907960688
2577630056
3682789859
1058849338
718511115
505296191
403392983
509066694
2928472385
3851230835
3326364749
3091184549
2912621760
4160594478
1782495658
18824447
1112134218
632799985
2722231040
2290699433
722908118
2725071644
2176351201
1909133665
3865850628
2573616522
1744466139
2077284220
1500514017
365852431
2248952194
3716878667
1734821533
1148992464
1007714169
3167807129
2099789911
1428758875
1455563134
28798809
4065268652
2577290666
2756906626
2240346398
2619526731
1881594408
80248264
3774023244
834270319
3064311761
20531241
2137098393
3937442516
1424019747
1320001562
1129422660
3546530845
2619937450
357968848
1076991807
3577397113
3491408905
1515586928
2562352989
3799567583
2193256708
3801119668
1811232326
3862917501
262515157
3575337788
2070708663
1923321377
320057582
3989246364
828848574
2914664426
1105409021
705410876
3634950734
2288159671
3663836252
2356600009
950804406
3248111741
4063109282
1040320096
4212824488
739443290
2318944609
3145515896
2187280768
3791105474
1326433867
3176865890
2923478468
307617450
807241359
366830368
297241505
3827584598
2964279336
2252713929
117352206
3978597579
3233418643
2610182740
3564451434
1472878708
672042399
2366995388
2887426214
3399751303
1555688179
669258455
1223627354
1502995804
2436809365
667917842
3934944950
2056360687
315855635
1871344080
1502693081
1437874029
732716872
1544707126
865593550
3773205178
1113788773
995002700
1264647154
4166891892
3114337440
502665557
2893189768
674075903
1185769565
1250497597
2300178147
3293543744
3497560775
440780235
1060205632
1623536970
2145554171
2455620871
540710730
3007014640
532429828
552676337
774898508
1244695690
443861223
3994393345
772319236
481058437
683425181
1571528044
594290453
3227565487
1091915723
3561702956
3260748036
640625145
153508943
3091011260
3745650588
909244061
499814828
2236296788
876049818
2479509042
4121750218
1848834757
3651679897
2601981556
4148527824
894248695
157465732
391522274
2552851982
962924492
686706673
1456737554
678280826
2056380829
1579876015
2587955915
1529268343
2556738126
3302929541
3324591607
3531537437
2493298901
2510819594
304874050
937561781
3924803180
1227207500
2244913547
1660926460
3386440486
1917481603
1671631604
2290736159
3290318451
1601482327
3465742226
4104169957
2830194432
1024027537
2107365220
2402693201
2507336010
4146380415
3974050680
1233122665
971721584
2681959898
1485284668
2306404334
2850982910
3541955797
1696104552
1470784488
1095796509
4260459375
568586506
2400841391
4215799479
1102717169
202261617
1463166632
3652879542
3168905540
931584370
947345418
1848072082
3578610800
2872352171
1433591955
2091804141
1770802880
1702869561
145442308
653712510
931260432
329421437
2298234886
86261779
1872941921
2598261581
1028470951
3830101759
734299707
2616566457
1589437320
1115085306
2140312593
3268810503
770776518
2811276866
354327773
157640170
1230243638
129075107
814203203
813074064
2841006971
391419868
1329433205
171932836
91972967
225484580
2713012845
2281663941
1688314759
2916126787
2363837483
2561696663
4023150174
1247204031
1330164177
4066606866
1122602750
1120965178
894687686
3550669733
4162917308
444749821
3158105905
1984518542
3012762192
189995668
1061353146
116634033
1414471004
62358053
3499634959
2855447350
1433078681
1115049068
907164256
2985083599
1079640038
529984952
3868065886
2003652680
3478152829
519986471
2593267529
554403606
4183330604
1697011282
1171943795
2072864802
808225743
3157130114
2443793100
1070171167
3450339037
2087482385
1046649591
3909789418
1682402076
3751442008
2002774165
1311307748
4254947145
1597667148
1910812167
2917703877
1018039302
200747192
740256138
3491900142
2320641642
3026979922
518895047
2471802761
1724926845
2778881378
3009062424
3831415971
4049032893
2400971737
881329934
2334469905
1719867793
3145906419
1022582378
4221440014
1427326537
3458202658
2110111886
3066861409
2327808027
235502758
167520349
3006662517
2580857747
43661025
3317798519
2214026717
420901088
1677940804
2634043398
1646753027
1001072741
1460505421
895862686
1293847123
1658496049
544313538
2526125342
4143088745
4231554816
389364081
2606965677
865606342
4111118828
2030049816
413840040
1934705614
481758801
2382835866
4196305318
2826749163
4282632992
547206123
3458264240
19351252
1419006000
2861322398
2818186803
1204128043
713179053
4280909706
2999911870
2338750820
2039346453
2154151363
3862055047
1681063240
3758631607
1258484368
3123253268
2985506666
968020794
519716592
2606709817
1985660536
3475424829
3128301982
3551868984
989125512
3719092097
3771139265
3809092644
4236161002
2835764025
1510556602
2213846270
1114085494
2491998656
2385945363
2828158949
1374856548
1923507178
2636259958
3805407227
1236518412
87123454
4152631262
967787751
2226005085
200629142
17256927
249123424
2105491777
2231060768
437352867
2380692849
3048480387
836774362
2488186967
492401089
1661338813
2815321842
4038693597
2044983210
1260378901
2924812434
3383741263
2247730552
1499594339
1214486990
759443899
195441409
3024635253
3054742696
4211209570
3610378744
152261859
1567468503
3721789038
741034986
3916105502
4289957702
895426579
2258677790
2637956777
2923325796
3866830803
2261675763
3265078057
2310949150
934459754
1215424946
1176781945
3667230808
4125394632
905653045
4132549432
511870695
3660279218
4264636621
2789901255
3096872673
3127232188
222272159
2239864229
4016943965
65659101
1357923789
220402536
2496061416
2372099766
2632376270
821688784
2982537830
1193517978
3384119465
2649703096
1467176179
2545064066
746703778
3754855230
2100979588
376043947
1657284036
3647281106
2320355819
4260974463
3119301565
232825889
2513108218
3949934725
1645624784
155315884
3015911900
2169664512
863405200
1873795428
4149192530
3450400248
4237845173
1560917247
232751077
1981633243
196985967
3683462304
3627282439
2945799127
2142938555
3095709958
634948618
1336377722
3481500328
3823268532
1606021428
2282952810
1264402960
3333320876
1294429030
3165471266
3999556361
3481420119
3891339017
152940725
433995003
685168602
3619796599
4077945723
1521235175
2299104598
966871571
949663572
230020185
4172742653
315304886
862188058
4185620753
2091407720
2236757945
2286811301
4025406658
3490874761
441822443
2211185882
1871632263
781902136
111402371
390461565
2781239956
1249051900
2995726976
1730839054
1001796266
2097573822
1229519278
3006439779
3618890345
2763179283
2304179746
965746463
2130629800
3607105030
395187396
3600171807
2422902253
201619186
1799003859
238074917
1574642726
4091181598
2118723928
429603549
2946465574
1932862554
3383815789
1353702894
1669721032
3664479992
1325955704
1004401174
235012841
945129388
2280562718
2337128429
2248696437
3344484653
663675655
3639396121
1794760943
3794616977
4052253769
1120254950
2375897573
2900610836
3908814073
1285498836
3801636746
1667317639
1544789521
454889502
615709647
3556072331
1611627210
2634489489
3148908948
1656466799
979358121
2396904227
3747539458
2128620383
1862103449
3364435666
2939410561
3967834239
3816998295
758583261
1735099377
2975038838
2394407936
1633275408
766053629
3727890610
2835845453
4262522542
2596273223
2340411021
315863478
1946944865
3849349428
1301495995
3919832352
3221345234
3183367911
2580951652
3144929563
1742928655
1866878642
193822088
1996305758
1738878700
1448570065
3673657423
2435732938
2240922967
3389885101
1603298480
2083261849
3032540496
3553707368
2742802081
4013488295
1828031635
438462095
24408850
501129225
836500903
4096124173
1111280306
1727228909
3782667629
1150899887
3521491592
3684365265
2062669226
1679426664
1444291891
3806899755
2801799278
359630093
2087241836
2903250088
1417478506
1173877125
2555749505
3489650527
3187304050
2955973543
3560788937
2708861237
2411399094
2067896351
419193890
1268492826
2488445058
2911285810
1404476513
3953762162
3676255186
1719067481
4100017138
2646602731
18620177
995422589
1132395476
3066942569
1333996648
949922339
3435512902
3382131255
3535804446
3082118981
3660568378
2206172222
3235638739
2712486898
1689996060
