539710233
3692774751
3793943766
3409050254
1293882261
3045941653
974214484
3688268184
3044473786
2000816894
2000801648
1069883126
2634399322
194732301
3097872520
3147799652
2449324994
1781426984
2032652090
2819989354
1661905576
1490357283
698696401
1511400666
2480120518
3152354787
2260213147
1130944060
185740296
2433935538
1828663435
1331103262
3546000521
1061024686
2364386527
3518853538
3753607076
833843516
790660094
4103636877
491128630
4039781819
3043676999
995494698
3322993844
377668805
3164490578
3766583137
3765133091
327543452
652264729
2145185663
4098655318
4079142776
191326027
212122119
3681519654
59268444
2060680139
1085458558
3776605245
1962763303
2643620932
4133763677
3345506806
1927033180
3646607268
339390394
954804455
3594554119
4172645120
780304649
686197294
3670734141
1251201841
3413412991
199297587
481513486
3072072860
872238418
3882915694
1657626066
3767807158
2751609407
3668291132
2549628909
3425009958
3411224099
4185735776
3899171573
3525369546
4055620706
1053571300
2390304772
2713405961
472158351
81281497
2025715487
2762203730
1659047040
2666605468
2500309797
4140063586
4131153582
597078719
2375429794
3346604630
2360552934
2006763486
567580314
2136832936
3805529034
2497510585
1123630964
2003062626
1763391789
1472988739
1323009263
2168347121
3855913557
4266574445
1644911125
2977493376
1997949906
3161348748
1150259286
2502967668
894018620
2469391252
293884193
3609863613
3528711572
3003137472
1448775397
4161447110
2679171462
1012293957
2596132689
4090828467
980851169
4104924138
2810255864
2969353874
2140175693
2917112308
4183907245
2304582638
3528973302
1124521522
2488068495
86563325
2668149422
3627046657
2616356337
1991631067
746692397
3495511634
828848212
2905507836
3963600587
2544221723
4052907514
367754118
2061500318
1134685312
674648956
94245769
2388621465
224687709
1534206305
1453110462
2841407275
740744494
1643002048
1689194900
1031055756
3455504170
901517404
1760436267
1470284798
145966980
2986694290
1820296954
3647611702
464697743
803912539
134641018
1736529824
1440492862
4083742350
1864029397
1197515317
3195237511
2500479572
4210011172
4237897464
4028722446
2966916112
370315137
839035541
178868222
2855964250
3530840047
354675404
3918496545
2368066568
2972174829
191422332
774569945
2066411238
1220822632
4262879901
1839506680
2657024014
1567384227
3985493385
3709581294
3734060122
923894830
2281608795
2143465186
3180446207
2339363808
2846206233
611740652
2233600783
1678018166
2300619343
4201878285
4016231973
2986458485
1803139871
4232992276
1366290721
126476221
3564999124
924769305
1179324694
593169415
95123338
629427757
2197403719
2462063300
2930751692
1473477709
1832024392
87746965
1521385124
670807445
2832267514
4049447013
2035413542
2434993431
3114312437
2421306362
2497615541
533398180
3416320030
2504166390
2285425501
1831860018
3783083789
1949519978
2334733182
3297533111
988660156
2560194741
2606264644
934701277
3808967472
2570772655
1847313022
3727090263
1987501553
3419113109
1765737742
3249076477
922040379
1587384647
397125511
1261665787
908886529
3465895517
3137644298
3424534862
1000845040
3094893739
843402320
613513695
1022492834
1427186248
1642684967
2972016287
2991348463
1161460276
2470158821
2312176623
1625111117
2867295800
977858471
559897161
3100308485
1605185661
4280768545
1738389092
1240314010
1801997048
1495814004
228037864
3202388045
456074262
4199213354
1699850405
2300467586
2137406915
2585575498
2593368223
4228538795
1890872991
1610014565
668929805
3102814088
2542667491
3672862211
3487581384
1941168250
437341041
2222853949
1036642548
3628329763
2932866123
1676668397
1927506854
1441263016
3589296592
3384647717
1374680272
3117852285
4036718402
3472599622
4251975301
2383517282
2215250266
1510574943
3059344526
4035616457
885551920
197111508
143429564
371803731
515759591
215190382
2212590404
2189650286
3129526783
245221970
2741158009
3878814553
1271917775
2107775952
3050329669
1133109042
1964298780
163518673
4268014661
222071901
882084493
1162981610
594514518
2997075514
491025206
2489820297
3422205
178703110
1955095754
3825356366
461390123
1308642710
793214851
1422529581
1019306139
928740906
1836270694
1545953770
3822428951
2441319980
1405149471
2739703415
2488299504
447981298
4227599178
910775855
90052561
3481512371
807835567
2125660627
3002548501
3310344977
1120756
19166473
1310405129
2506167213
632769693
2137260387
1618038617
766108970
726737560
1532360924
1003199490
2077865534
3997567704
1330876053
2907027975
1349207284
940258954
3898219386
1904506042
865388809
2660410951
1497479420
3279859107
993375289
3428213882
3444185447
3256985617
119965368
556422533
4044125749
1999312268
357066456
4116280016
1426270237
414005495
4024720002
749736847
4292087326
600254071
259087561
2064816403
3765576755
4064117386
1502896212
2163862879
3781074663
1984635461
1503966468
4023727390
3401544433
2962295609
3248232207
3119561307
3484776520
4180131411
1449722057
3080237282
2817893015
1708236361
310996752
2640727886
2787702457
646312856
174597049
1294434124
3366699124
3488607142
3757067486
2272983892
4029094605
1480166724
2651780667
2026942281
1316077220
2192951999
587353767
2709978310
287220958
361794101
138967101
2617748169
1482670317
4168331594
1539842883
3850944395
4021993728
1016792449
141828692
1993629882
2036060316
3961614565
2894365907
1460979330
547093053
1570257529
4110509835
2940011919
2082809924
73828861
1566713852
1991228206
2033179072
1154035127
2120354183
2800496566
667420788
2397080967
3791240829
4101756647
1301319265
1195824719
1585035420
2641533080
3262558804
491794856
1147085473
2915057709
1729963414
2005941632
1785872070
3472355260
4126346568
506333024
3523290806
3817073478
926467549
1906057117
857679167
1822500013
1549868763
4077243822
77201932
750179956
1548583062
3420613330
3718894426
2811371345
4165167672
2945271138
1926331585
1049154541
2412291904
3357491524
3653967643
4226162329
249234580
2950759756
1795700660
3738435422
1584790448
3677701714
828800324
1694242683
3935720527
711414871
291603915
418095042
114495966
2463948083
2866485961
3139029683
2965027188
1194427112
2150633408
415623416
3031359922
1692001522
4099079939
1359352818
3636729061
2037543004
1633631040
1314096950
27647085
3073293389
3653127213
714699638
3051220767
2491977952
811417596
435555606
4211831539
1944819327
2181283747
3467614534
320835960
3011272121
662414215
3884559919
3261380305
3434355157
2279591459
3474043126
2640760575
1127112851
1324600130
2013771949
1029557935
3604953092
4098446137
3685038480
455057553
2949045715
2109889689
1644028770
1645968810
254404491
4026418674
3274226516
333253459
2391465934
1537119680
548647065
1783017416
2635479571
1160337008
1329933583
3296760836
591034772
177850573
1611769482
1042221739
216951259
938837753
1803197891
3130769684
3008655319
809517044
672893434
2652144921
1441787162
877647397
2279925239
926216331
3394131068
3041609585
2301147685
2645970153
472333415
2604268962
1178933613
3700314952
3997449975
4148479668
3387523546
2196108465
1528001163
3572041186
3319399814
1177396310
4261558202
1721369353
387109597
1665534659
1065137431
2648784993
254358706
3670984668
3546870295
706183583
3098589235
2194086569
3522042244
2736585723
3962157294
4089680338
3694929147
1840300799
1693991
43786705
3485499183
3731687343
1203965761
3340127214
2885494637
755143044
3878617286
3691420852
1568741467
214674439
3123375795
1779387725
2901273181
2416492224
3605297697
3357077771
4212081925
4064343857
3822398255
3155574142
2889855085
2766849852
2794828990
2113031367
2219808066
715752897
270873268
2881368594
2754766979
2681525718
311603469
4109648198
2239360532
3950228561
2706912712
302683340
2103223916
2618130896
1995174131
1536443626
3202227485
1944948123
1235796306
2910785948
4242493950
1815872198
2959629527
2855481435
108341604
3012529177
241747609
2694492769
3161741567
395791880
2305987896
3607047386
2639714855
2768970266
1517385414
4190980583
4267888459
964440390
2318463307
3447733134
2677868506
1880321441
23483608
4119947326
2753424558
1522428477
1884603042
1180569161
2455661160
3559977114
400174049
3989909689
4280754519
4201021145
1489577926
3915881241
3259084309
2628890890
186284610
1228848074
3598234520
86703229
3038032906
1212335150
2680397326
2479853289
107479701
174134550
3128341608
3039948546
2780180968
1577062298
192223475
1169470092
3888843110
201194524
3483807647
4236991662
2857653889
514602466
3497618183
2273425756
322657518
3717155695
3094544956
2262909420
2537030097
509958515
3910576127
1070562322
3342515517
1605312903
1924205814
704513235
1503209675
3657363238
793631439
2919587211
1262861724
4028181127
842429806
1366603845
299052331
3123917530
1881281781
3605000907
768886766
1364255333
1221734742
3897907866
3500960340
2699529481
1102779376
2295726637
355955520
619395426
4585160
320796084
2620865026
1520200192
1511611364
3609158531
3170847336
4091416784
1418463706
856807121
483754500
1719827632
1038032762
393739882
3354759010
2960530914
2677428180
258669908
3060177983
256538000
3480161596
3348333239
2855789288
1167026382
2664779020
4241759528
1227296146
1269983028
80487914
66830989
3727057496
2555508711
1889607741
1637806281
3576065173
4134820938
3594648661
1658861537
1865030130
2305581577
785415970
2541686370
570876426
3560572941
712846884
1348069240
1346224825
2828664902
2097165368
855554726
2120204669
1716009219
2714665570
1721064479
1552748860
2988383553
1215724821
3711130745
3086410653
3884233243
3191136705
2315712892
2234143986
54751127
2791383982
522303189
783825789
3119938946
784029536
3699328018
4232285173
224192193
2435204279
1603258053
105242731
1503117929
3743673729
2630978462
229495840
496214789
3356737933
3757219139
2481483079
3229993301
4092219560
2878766217
1658139425
3971179296
1014416673
3816933943
1852503336
392056805
354020123
1127362864
1335255091
666130922
1920195748
1693583746
4232284706
163874900
1752625465
3678507992
1136654609
206864304
131894064
3449562669
1952620169
2242505489
4278705738
2903856400
3602821347
1573293868
3725049890
1903626767
1312528471
1588893377
505025582
526574319
422079014
3944530915
3537777035
1243742890
2920217903
1628213129
2237896530
2717488861
3810053329
4255232269
4262715084
1873257518
3458695502
2586980115
1786333203
2837770816
3442313021
4071654627
888416538
428929065
2700546412
3292110743
1230482618
512290550
1631612014
3798057196
3186914362
3708512084
2968064748
1312289534
609032137
3320305951
2787329047
3240723558
2690480421
4186930741
1945196398
3088223991
2933619346
382298235
1013604298
152708895
3647743558
2257779912
889630138
3290144412
1306113836
2975368103
2225583236
1610949505
3669698550
1222795168
502725176
3807807537
903908000
3193512720
1863656941
1487062144
1318406356
1332677503
3108199078
1790738173
2750695062
4210664806
2323538760
2171568480
2431922849
2716183787
2978899770
972349943
4141843532
1432998086
1885366446
2145840461
