2163631333
1376456671
379927077
3500301542
1039103182
4255480303
2113457705
3945013110
1457225997
921356620
3829443896
1155715380
1209641669
1923193956
1431250258
2806022668
971829264
1580375710
914251775
2397189891
3169616158
941777007
248402383
926574408
632546891
2130545164
2399008296
3104102336
4293587924
3915579340
1542074312
1412665995
3801018180
2923585296
1248782220
1307098557
3585877296
2687009766
2873686997
2503814539
1168280152
96916002
1587481875
812331588
1606192822
2093809374
990789517
2450915634
457260185
3546814986
3309414086
461560113
3702629384
3442605098
396215414
3129459584
2417346124
2163188241
2187395671
2871206387
4096585458
2942325302
3567490790
1517711830
2128059366
4077757252
3836548359
3262768432
4184290446
3990327565
3625388037
3751469350
838065083
1114142619
139284945
3967246815
1411336892
2363395929
776357536
1420571387
1967735663
211483921
3851356830
954960116
3835656508
1934275057
833216771
2027815356
3794223635
1454292695
3749736071
16640184
4225093438
4143323377
3833798042
3487670024
2785533658
893430250
3601877446
884772226
610071848
1186226053
592655019
3672418025
947818459
2642525290
1658417535
865523615
1925889520
834276268
3215773304
1354573765
3298746127
2821132511
1276826894
4048570408
1091075414
1340980925
2558746127
1125856745
1092378752
1814446176
1275604144
3670758092
3934247503
4210213004
104991106
695926626
2699414572
226355598
128341439
2227421804
1982932015
1456091931
2047530191
1397398803
2006548828
307194197
1131553228
4036159014
3285357120
2013381773
2823245826
2900367901
3880037737
56628031
1686235826
3242815117
3451967015
1748788133
523562017
3693135156
1461929193
4256319554
3740992557
1365195855
1738002135
2188815040
3161250531
264688303
3877312023
3837471937
4036112840
1892929998
114804102
3542067067
838778715
2193694108
3015710884
848973919
2758403975
3698636322
3460300900
278995456
2309736580
1340261734
3199603790
3349457028
1743097869
2277867088
3818128754
3611195373
4239287546
3449396140
1602021953
4073718610
4014763339
3403881776
864847475
1253385828
979443497
653735132
1382570866
85947722
1047691688
2852461386
3361233868
770571562
2285862432
2244039139
1897033847
1218252836
3111193900
2532718981
2017096840
3667428011
426158530
911448873
1623410336
166505275
2127973711
2810125164
350429207
1183155407
1246001148
2813175324
75658656
1445506187
1516487611
1283486792
2239708369
1953402832
1645504394
2699427696
1307508032
2742312327
1677643395
290964619
3325141855
3528910496
2950579011
2699973600
3333951483
1024409039
1146942254
2196774928
3251397124
3472253927
1978395376
2116586555
4034278208
3601549634
3507833634
3329420704
4213964561
1304101848
149851550
3341123615
1387166485
1036320697
2037824698
1970952857
290083811
4105748664
3031718292
486946680
1756878244
3784860354
944664697
1765649190
2772446855
3423687156
2613632164
3636991594
1110828950
3603107228
2942209121
1725432374
3624321828
1769634415
3003644505
676862895
2801384270
3532066503
3682538172
2837528550
3937350975
3309372213
527577844
3678962548
628272319
1498252461
4256784084
3953736072
528265853
1878502282
3059622717
4239958437
56990528
2314690214
2991944530
4041461862
4051336841
3705326367
3357268470
2274890614
3202191770
2749714099
3483227759
2719496643
2875567512
4266360742
3885069034
3490032809
951243533
3107970066
1543508490
217526597
458134689
2876825190
2989327573
1422928846
1174824510
2148719549
3709903664
1575621638
3902077064
1495715463
24892593
865039563
2028769810
2744026248
3424418684
1744363184
891410101
123732157
1678435264
2187629982
1333375713
1447130031
175474468
1686347326
390841668
3017762265
727715474
1760557652
3696860576
642382413
196055204
2396334576
738529342
3182359411
3406276055
557676336
3883689053
3113301872
880785633
584342722
416107244
581784549
2141410048
1955384553
3877890780
3605206942
1961823329
2188379575
4141014080
3975747198
869602069
2532515934
3503595147
842586215
1093115901
627088658
299721183
644988528
4145212554
2245552630
2500630267
2824777363
1747294976
2473995225
3974605198
4064362128
1793660010
3642618516
3368010596
821126233
1765766887
524630763
3606952509
785883150
857949077
298379925
1289169348
1973653000
3897654524
3430487165
837523405
149718625
2733513057
898758368
3279050707
1692256269
74263238
2548278209
1436122885
1247962367
137684756
1499459765
3646055081
3318078537
502603751
1945135647
3776905245
2180251910
3516530545
3485062644
250054007
603661910
2732570209
3864134380
2005266232
3396894649
1648881961
685444076
791094870
1712343025
4200406615
18938574
1177896246
753877778
514620718
3784260357
367118129
3519924511
2815448999
2078961506
498596766
859537203
3263312565
2534530527
352078312
1680725526
3614844612
2879715982
3507203881
344553311
3296187223
3014877530
1473586401
2424787386
2205715523
2555403689
2289261540
3315462099
1955252089
268521953
708697586
1539763647
127560255
3472060900
2999736707
3482907668
3055229046
2309354298
166167515
413441827
1202902980
2963241578
2880113205
4058607926
1543959132
4267860418
1607202268
49880838
3605624174
624615449
307333503
2437818423
2708133333
2374742272
758362209
913431083
984381411
2592353580
1251446104
4151241690
992883873
1419324077
3752169959
3745896685
3271265682
968897174
651343614
1002709894
4272303645
794911210
3875488967
2921310956
272869190
2261367792
3484936408
4004251800
1402350729
3103329867
4141391538
139085504
3120102029
3427151975
4032997754
600502682
519194379
2918250627
2461267166
3251474603
2570246558
3526923957
3821222888
3508650356
575855128
482267436
1274857528
384539351
1467127905
383647511
3898236900
3988049979
1229109847
531249790
2874949813
1605394546
1629052181
990722546
426015665
3348721675
3894949935
3961965316
2351973935
3588082909
3608353666
430011456
4001885514
90290174
4135378617
955519229
2954826600
3195319464
1901959100
3257634951
242645746
742918691
3619798038
4236908380
679104849
1943726856
1784566119
1042886022
4172055812
3053109885
2359636453
422302443
2528276152
2518534082
3918411219
754571109
3588190132
2464502869
1637937113
1525621238
54617557
2568477867
2281556720
2812534591
908738280
3649213333
2697777768
2866938542
4078424895
1027685794
671059738
3703067082
1363729537
809920637
2056007425
3918554553
714955403
40749700
3862963356
1373283132
369517125
420257012
2001125146
3644275935
2971485259
2076721461
189718891
3752678833
1890012137
3485466752
282050560
2694320128
1850933504
1875224065
4270704431
2781235392
861674924
3573014288
2037560124
2698172140
978079647
2865982251
2028925374
3785916815
2728897345
2727290205
2069133146
1183778484
2274553156
1251030390
1162203862
3065164031
2422550779
4279897965
3982641425
554008542
1796569738
4131172683
3005200880
1643392812
4104735889
703239768
4213137707
2355298123
1837267970
1612440089
3969661174
1750796412
390318191
1073117447
1021199531
4046148351
2576947858
1565739333
2656352694
2974223912
1431055096
2872195702
603228017
3332070672
2990445364
335540692
4257816776
684707394
2569262314
3649281296
1676623548
3927677543
2034121434
3804406559
1006526188
1015105410
3670938877
2711923940
2338636003
2434647213
3158450251
813879998
1373763188
3311963435
334966472
2677866108
1684352026
846210076
4282027415
3010939067
122303619
610373761
2513640275
1810148284
4090593812
1751621312
1525489905
2530178679
3337895747
3135523674
2299860605
2479783035
3380728955
562100817
2172921794
1951042108
2734331220
440815402
1533274994
811794102
1171013829
3185671259
3090821726
3047292032
1972146700
3400468593
2969493189
1879945414
4217941548
1884832319
1482996852
1764984154
1304574802
1796033030
479305219
761596141
2902678865
2351614953
3593364191
2511635027
2667324688
907590877
1913729221
1352071028
3014617889
3355691506
3952638713
1284991170
1069543354
132457480
1427237730
3884986225
2261997034
3966219409
1592665098
3221118890
2407638295
404192676
1773572385
1161805618
1827708263
3874908647
3011168195
3997021116
3373315528
1049315860
3282777895
1216881659
3701698494
1348865210
4037174489
3826952798
2185133176
2242537124
2148721399
3831215093
2036717230
1836291411
2706910635
131105717
285880290
1522780828
1077148162
126783731
458385830
2094063089
23781385
39738755
2621364828
2844696272
2636329285
793060441
1980058403
3781183851
1699035982
3011809737
2827337805
3527831669
2749474146
528411931
4233808943
3794844646
352917545
2118741801
1585246630
4268811497
940012687
1127621859
1656907540
1787540433
4247115587
3507641439
4230233264
1553702882
965046150
2973154769
3190792938
3199242648
2447778765
2205324125
1981333927
3572159949
3381073234
1724006978
1614091566
3672393420
2485231348
3828645274
2323485743
2707208108
3231375207
2899053280
3510523254
3602394543
1893877686
3334599022
2489586572
3719898846
855932610
3398795475
1184641649
3403894696
2206956729
228983721
1208478009
1936631190
2560064514
1021699693
2457413226
1764113911
1686835795
4057841521
1116133955
3482567738
1285602564
3576115342
1020010617
1375501558
3222924623
3868636521
649184153
1099004676
32849188
3580386690
3592843207
1218843618
3605850787
4085905302
912372222
1549764157
3424698281
900059581
339757944
468750911
2699809707
2715028213
1701466176
259591720
1759974040
2410549161
3956807857
1941873425
3564616474
2246216426
751875209
1748301296
315086277
3054354119
2348802657
3751418733
3633113108
355493956
4198657015
3424273636
3766317273
3270714792
1812144761
2770332538
696656933
1037940182
1756065956
3193236647
729025628
818027512
1571514094
4220229462
115365082
1217319327
2778114057
2370106071
101891731
3796778634
1045812063
2938638235
3415919459
3693631154
1532830972
1513032815
493067612
3093949921
1908961180
2406894696
1611052717
154063478
1398578029
776520373
984032742
709799856
3923068882
4000111514
2526830160
2651378750
3863641046
3962592159
839885930
489559555
2034800888
3039876839
422834439
798837176
565514474
778911746
1906330037
3849191800
4259705634
1360926141
222999588
2887273362
2816111022
3132543699
753601954
2759964709
1974108607
1277765998
2000133104
3205333020
635439860
2268967799
572950149
1099401771
468507116
3508161697
4090661283
1584499563
2495542371
1493312576
2100893218
3428323597
2037936658
343943092
1180424744
1547874904
26194334
1879778751
3246613498
1613655271
3659043159
3655581395
3827150447
3794187265
1537979101
2219937334
883096875
2661211338
2065604547
1898919783
3080606159
3135178664
3647895274
1967332436
1769774874
1999493137
2803202646
124354706
4035097686
1423763041
3050073610
3067720508
1140500788
704651621
183838811
300769418
1659779051
1081864490
882286988
2319619585
3674915945
1820300516
3845484752
2801534934
3527996813
3349569239
328295414
3882411956
2099506166
427334337
3339396220
1395978203
1585075122
267032836
1424658117
3298465731
364742803
2763722730
890507481
1351384323
456841299
1999126120
1884831670
1445666043
4273693593
1657685061
2457257280
2954325755
