3737101477
4043654169
3931294999
2041975561
2675807286
1001727626
4294123761
1116187587
1014441704
296874393
499534739
2260224947
1944865714
639472273
3404567747
3410002816
1624179596
3926899828
3313217618
2569083964
2550661781
2203130198
429854445
1941820740
442478610
2475150964
1059364054
174968901
3277875250
51018728
1062558232
516735908
2711802595
886119173
2647075076
3812602570
116111433
3853469359
209112262
1515453012
663705408
4242020156
606426971
2248406556
632619329
3528953835
3322982050
3476611936
207193075
2209073912
1157797948
1712788343
1704416476
3261779881
256689254
369698620
2467436603
3374001303
2934410654
2515773819
2335464885
3900228053
407394930
2775080980
3060268111
83711037
3847324746
4037107504
4164083140
2546409643
2204993541
1209154183
1110980701
157853976
2259518256
451990042
3442992430
2436887279
2167158314
2520317413
3594021886
1627133102
129710139
3321785483
2414444505
2983093979
279218119
4206305019
729778841
404370647
3969324692
3939271829
2244212257
868166889
3131629966
3609930010
2253422933
1622545014
257343772
1208457339
1174331788
1666830471
2529890745
2581194912
831222434
2916594496
1040388866
2101242741
69761991
1246044680
173538518
4261317418
472479486
415163563
1496861205
803412128
746548766
222871841
2018152002
4212419893
264711390
4063808769
1882208410
983303747
300809679
2029349608
4286532788
3659254163
1448247226
2288454370
2768888402
3189728728
2667999956
46984561
3619753042
3561312315
3752202482
3175061239
4105460888
1335105341
3154282148
3049734496
1569223665
1828224658
2617289076
3464876074
2700446952
3685286302
2555868830
4206720602
2539634587
400072306
2747547248
2113030842
2185953656
1131920466
3834874564
607504463
732087665
366113099
865361711
1944775611
3881684204
1781559168
629145744
1076506624
519293184
188953553
3625459682
3088277080
3642074068
2979115423
3397947227
3407101174
440908020
2779360503
694958330
3623891870
1461365352
580501134
854789011
3611583895
4108960392
1883696994
622692720
2367868201
1522158926
2247050416
2097165069
836418606
1995351211
3729013727
1778819192
2098154038
4016210903
404006529
3772948595
1634267035
2962687026
4275745549
3055762271
491019710
2407463747
464594576
3635984623
1029549352
3335279663
3041852054
3333801137
2907800937
1212521464
984150710
4252626172
947648921
2034023520
2021365661
432945832
3986113488
1827680598
2331843266
3675721279
1953716764
3181606111
3270463316
2482014060
495204899
964161355
2696920423
1012722643
2957328613
1274473445
2623693690
252510223
2259338118
915966797
3047830332
496692720
2007728614
3853164333
2994621628
3775205392
3864379810
883507209
837370854
545961646
4174706163
1303320259
3413208736
397711629
4075285448
1273068568
3847319127
3377375388
2632984093
2411385868
1094596883
2820364269
3864181296
3242855977
3200647804
2228742102
1563159399
4036084496
2696711361
986728667
175748251
3153614320
3195223513
1135524839
3986612719
2431660137
399568391
893971121
1173497016
1825874212
412199182
2727580031
422913675
1821385051
3981071032
2998705434
3580839576
1540832071
3105429755
1217440118
2970711277
618690273
3862923508
970662236
1349324736
1481534072
20417895
2066275932
1278387683
478412842
605641552
607221297
4073471315
3336746744
2077175973
3228451348
2459621950
4271506597
4259381913
2229795576
218538393
2895479597
1066823065
1649798199
3853570683
3534890030
3209809172
707216113
3892087535
3151832046
3515138550
160187556
699313607
1792700026
2648530805
1183020442
668060066
2539271507
2326885239
3413977762
3201275213
3388020120
1995594242
1349002093
1082191222
3081327171
2207875300
1978968428
2360352255
435694115
1758232767
3422069031
1091336962
1460848458
3302288780
3168316492
4101166134
403218433
2655687697
612297591
4045806007
3256234729
2803232299
2661092001
963954154
895887633
1975896610
1670630381
2769101471
4014833364
3393544797
2450059245
838480812
3159412317
3365550201
1428491785
2695825758
1130581723
567064492
1796183527
138543832
825423720
2363188153
2971016542
2525301638
782631360
340215043
916443716
3497757995
17225002
232326006
3260078615
2752767019
2112012734
974008856
1870423149
461895421
4132424481
1933732747
3185214169
1605863029
3109836772
2555826700
920652903
1230055641
1661379030
559382614
2902369994
762238338
655090121
2673372264
4113818983
1604082331
1790809849
2372827314
3768583647
1850578658
3308147937
1459939072
1427769457
1279312187
2199664474
3821159335
392479996
1125106802
1103906842
1604334014
1227438890
2321675552
3250728182
1527978173
2500004977
2357515584
2385157027
1270891546
944600349
4205598981
300253612
1224349542
2709198171
201981242
4028709007
1314636124
179771763
3505545457
3271756889
2765676718
2543508176
198008134
1254262807
176150324
1017596544
3627960494
701294826
1184824536
1426273369
550330058
4235424412
2108902263
2504316072
839727590
726451828
3786499767
1367138372
1121259095
2360719763
1140373603
573150878
314806073
361202934
2207112322
2118758691
2677339271
1584093097
23232842
3941192179
1231033476
4022512804
308565244
1128657174
2941082854
3697506322
486868540
595777150
159711150
2668816076
2081860803
4183756314
213519378
4166466233
528443190
442934576
45468886
1481548417
668999107
222659253
572922446
615025115
3585790380
1765642666
2420912614
3469765193
347758272
2793132561
3495007413
2879754475
2595099383
3845059883
188478527
889710610
1180039004
539263514
633035118
2968883697
2486962812
2050247309
3787244285
1508880924
2319811634
90599223
693433892
1393163337
2046495681
1196195584
2236458753
3340037516
2332402252
509494748
991359136
2499280300
2911526213
1289220703
3994118409
1618729546
530775358
3776610555
2574756343
1092137594
2365843277
1289359050
847585506
1175680781
2794848075
3740823524
3542641319
2788215454
1343325085
4084522628
331940105
1945761315
2268343997
334388048
1065077073
686878758
768542855
1886273690
2818725029
253623952
2270726594
2146016129
2641784135
2027029017
2386485512
3507922351
4236813135
1248949277
3379067460
983718308
4153664243
3042924099
4084981963
1756572277
266565288
1912820975
4155504071
87553032
1002640399
2145811052
2096585883
2428107929
3276484191
2662919696
3413300321
1347660948
1731583055
1654425677
940661353
2562396639
2917920009
3083547647
631378681
1075314315
25508370
1338607584
8578526
1122911198
3099638469
2643713986
3051270239
2803676230
1986740802
235228242
2490698228
2298755435
2240175672
3832345933
1129384964
2247275288
338560682
961606980
651328891
710057805
921678964
9658315
1423386362
3865480667
1878711582
2174001556
555901211
3785811457
3441220081
944529474
2162568033
4199741861
712713510
2741841896
965952647
3913016161
300493483
3423168610
4273254771
262813880
1674899697
1668962284
3665326882
1556220839
192262563
1398791232
1287042302
4259096862
3833096008
2962832683
265636867
2963271055
1250792468
669516719
2204499773
2346439324
1937206316
2196063901
2836323420
2681098174
3981603486
3267767433
4108881835
623029904
187200840
2155416634
1165397865
540483362
3550930021
2303425728
3787969866
3773390528
982359185
2034731899
3050893368
2072342505
2132238085
845753386
1081453074
186508655
2503299781
494187092
2778275928
3209239878
781199684
537060134
3100759588
1339234792
4161857295
3234513516
3292096023
4046575348
3765134820
526210341
3164991283
585178942
2453956300
394753447
2664517172
128514251
2904725049
3283437898
2919723935
560179946
3638425367
1365990451
492730838
2323132195
3409835389
1381181178
1610249227
3609658389
2395833462
2750435717
3915927893
244246758
4047526665
999593695
3553203394
3924998932
3199246982
2870921069
572454630
1028908038
371753726
4243380838
689714785
210174661
4017513421
1159261668
1923768271
783793863
2356269741
2970149402
1224138065
3398149888
2948253425
3829608141
3170807772
262967646
2908531931
1663873055
2550463954
3984738872
2142971492
954749913
2005337286
3450215658
1981302460
1669506763
1336857815
1589819192
2460439553
1227872478
1386214715
3708573235
1298939854
1277678007
2864069006
2250668760
1315099410
1589985230
1926662899
3347908014
2357446092
1680549787
3191303218
1352262454
2323849268
2715945285
389883945
198412246
3698693847
1363460454
2497305674
2686239491
4143906101
211635101
532450535
889139925
2869745261
656042962
261361681
2944701098
2234253142
3202294160
4165811526
3188034246
974954230
4214923396
70252661
2294338584
1922585527
87195824
50161008
4033308561
200564884
3918853775
2138984655
2457929542
1834233024
3385386450
378251889
1300100144
48054219
875978851
582288910
2510112752
1985917079
1842437299
4096322519
136078452
3379388618
4038640796
4127176511
1949116589
4107541320
62812712
73045575
4106238499
4280940979
2790557923
3178267177
1369616397
1523286917
3124976767
4095875045
35054350
1570244553
3488696556
391645469
4025055811
3342393945
2089430289
641537602
825177443
455379836
3131289311
1120154477
3236101436
1159600239
1018532441
2640444803
1450493522
2860739570
3470069552
2512619206
809047191
1953680613
1026205681
1529111360
3820720250
732217285
3262280207
2819130413
767792910
1485464693
1877009807
3433335321
2782466694
2314282115
4231657947
822632289
885603225
1583664161
764958860
3922361568
930680425
1030733329
1901754843
4287446524
2942918298
984959305
2778057268
1850476606
1839869203
1535251243
3149400859
1686726987
2751755668
3065610912
1277791718
3003077203
220235731
1374530256
1119704856
754063121
484275768
829526855
2898560872
2899533534
3053442331
3271715631
2941219740
3099055741
3361213035
2928564732
3514467121
1154961391
395203687
3796647959
3084827059
793019176
981377137
2673182665
1530863999
4049717987
1163577041
257757019
161534729
3017743159
3263125174
1052966386
126293680
2860945314
4252882478
4147234844
433340195
609056650
3775918293
106202502
304754068
4116434093
3601746082
3625298131
2394501619
4184002292
1555677725
172947737
1137881501
4133490382
3229549403
3289175125
2781265940
3454498574
2247392930
4111857523
226797069
3180919580
1043496847
2143246187
1740618115
3604857320
2152217967
1372691758
1360601501
3921473299
1990236460
1911841445
2824985226
2486990627
4161308633
2273129894
1272087386
101875469
3746216161
1139238296
4032172193
2082278720
673317167
2766340221
2716468654
823344696
1598274415
1460143957
1966881669
479430190
2589814568
2346062675
738226745
658754294
3117076909
3283851967
1463446164
3250917230
3103038522
2320338406
3027936003
2952527528
2117536449
980130657
4020450660
633192570
1716062427
1206161716
2493370107
3633954614
3472964957
20836207
2329598166
2900147233
1528838904
3992656789
3881892646
704374499
2815641438
1434148057
656045106
304286437
4065603348
1152433608
1591197616
647547176
3068616079
3391180355
2480341298
2683465213
171206549
584180337
1815709901
2556111972
1697601226
1664901016
3224142578
3425191466
908652634
1274148296
2863914632
1642959776
3864652641
2995244509
575805601
3906899330
