889236001
1181883151
2577944632
2659996323
2196484340
951462472
874489179
3742789336
387157278
2228855870
711445115
948235040
1809928435
536512190
2714596867
324402484
3765950199
4031368739
2009650674
1417017580
2713213378
1705454168
1418835408
4064278207
4269571029
1111678526
2349813991
3244768419
3541016454
3253401883
591859137
2172348363
2585230630
1153004034
182913449
3712197467
3655993311
2538238441
3892767587
2329104658
2178295128
2227512466
3850886637
1529205337
3911303312
1962497528
3904969038
2407827996
1458175842
226015016
2072397962
1344577797
3923824303
4255442718
1527397143
1181418863
3015065319
1572112872
2877606026
2831664999
3516845427
2918712533
651247303
3383403602
1741122145
317758722
3090877451
4008598947
336417107
359027779
4072292128
2799192592
919195757
3272011995
2468204255
1057791921
926448181
1358460806
1004243821
4002158189
3327866158
918684096
1807984387
589585798
4139586522
3989653870
3197393723
2372219066
2678874122
2472385911
2769449809
3388659029
3636778442
3223121881
1795872814
288099877
3782592384
1054799480
3247605098
1090930287
803978900
1762773400
2560300272
2261736534
3164634209
457846190
3139511486
1878528577
272088381
63601689
1594927516
1593273311
2723748294
3819013700
3657875443
2132241232
1050531163
3567744878
3411753275
3443871421
316554265
23055735
3816100153
3524515138
2338955634
3773276500
736594754
2587150556
2357913336
939332546
3098372858
3208716951
1110435674
3158387743
3378837336
3023723450
508248357
3110332481
2360043259
3949282494
340010081
3084026035
2702659679
1429669965
2539107162
2476708050
2747687624
998744957
3443094590
286278756
706602693
3543579816
1186009575
1346639534
2689126002
381896347
622282651
3167797217
1141560689
3252250313
2241494022
3793203021
3551849440
3165637717
2899695437
200241972
1943979759
3902298906
2144038731
2048269140
334808410
1062479795
2268343712
314659105
3244560759
158536745
1260781676
1239640080
2069550765
1787159465
646859791
2376919868
4025288903
1910297283
2961904300
2235156516
385885312
110036276
69550131
795686615
1220194517
2342338473
599304990
67150209
84700643
2095405683
4246362547
402793929
1729776823
745467433
1374658764
2215557607
814683203
4153459828
2901766465
3145814148
754128474
1988255951
1940212439
3958814983
3850041647
1021348184
89252783
1293333821
2869582027
3540664488
3875409268
2085298916
3755628121
480656051
3368506777
284508284
2466512278
2504667317
1915937768
1561883013
3301973318
1443022104
3698576413
993189068
2078344735
28150947
3502286736
2705704365
3584541157
2526387617
2888403576
3637437781
3392492093
820210605
308871704
4015921076
3537338977
1196647764
1566536851
2118813743
1942046621
943987906
3736349259
4163212404
3575971742
2528497580
2424103343
3134212221
1389069222
35677431
2242724241
2070042820
2803133655
2812391902
1546705104
623347103
1924788784
583183998
1248224743
1541335204
998041561
3486478897
583343149
4081079387
810486603
3164870857
1838611438
3952402132
2813042452
1553596305
206811764
4095218589
3886479088
3196734834
2511130197
2631195268
457934117
73209581
177279551
2812450986
2322816562
2508958612
3790474679
1366896384
3910891169
14896878
3386184297
1212188172
1537870896
1436438612
2201946340
2459875463
1826768806
3027674405
255373476
2973825441
3920520682
3964839594
2113446248
3206065987
3622260364
1458438337
3318158044
4258589547
2322087861
2401433322
346026062
1635291766
2546404970
1841853851
1360918071
4182803267
3098190637
3159216070
1624339901
3283039424
1648732510
1755362489
4156077780
4128533330
1071811021
1212841505
4238326072
3628980625
1993427489
2607844185
2050490297
1811690736
3434668914
805662195
156801718
1502316191
1336280436
3808995981
1589717103
1802469824
1728595523
2832097656
2253292092
1214934736
177534007
4190082192
1046422806
961754035
672155266
387023787
651917934
3833813697
1024313778
2463952636
3208843321
600214749
3833766238
4061641007
3696207974
37268922
4014169924
3717986571
2869199768
132214884
447494431
1870076518
2152595852
424735058
3904486075
691165818
719489954
508296753
3861014811
3648821843
2051445615
1476051356
1698086684
1048659578
3748344410
4003196195
1273370635
2699405318
3758983427
2960946082
1535047978
2216563674
134314146
395069980
2184326164
4271476582
346759231
795734073
2372624372
1958486511
151155591
740655166
3918766634
307500789
4007233239
797811587
1348968638
3999890898
1365961754
3591426887
576047934
3871150215
1163132007
1637689764
2047500781
3854675961
392054888
331083994
1874468117
3968236497
988754606
1115063020
1381934212
3294743209
3819830401
67896680
1622917597
1528466348
3792499492
3723706957
3886014809
3968356587
2647087939
556740786
859885215
3803926596
1120300162
3921612565
1477164089
301000521
3781831636
3440573200
1736434808
700254965
421242938
1775779528
438964453
2455244865
2429899192
2913998405
2000151247
17805284
542498193
2486247949
3637319041
3096781416
3092681135
2394014843
2976496866
1658650816
4082977664
1062531396
3941511169
944606941
100659371
4282909931
2383343176
2436287913
548723332
3060073509
3384860995
1930289334
2024020923
1127406232
2827333127
3124197779
2830045926
1082701785
2767215255
3585831726
1995179270
1849346857
2484595662
2866964535
2057648008
3817750875
2532570019
3388699472
3524195024
2268902669
358159395
3159146475
3504581480
3238161716
2829994853
966730624
1086070252
2570188319
3253809789
2439025487
2337164803
548070297
720982412
3247549521
4172728766
2841876771
2800747180
612110983
559410207
3373421787
3398430956
2032368227
2392606612
3201269859
2864960637
2885905101
2542740828
773671483
2315721444
2838514507
3431290949
3391278625
4060576445
608519470
2385726845
4097745730
1988709397
3687178518
672126403
4089950040
2997035753
1149336952
203911278
3097346788
694181894
50992260
1021359092
429246847
2566847086
3344467779
3236392839
4169463352
3793442447
1203755886
4219481657
2597455704
1562766485
2474803125
556781961
1559489998
995713531
1381955590
4196330675
1779036366
1003317502
1396073947
1369121514
2317049886
2257437290
3053892712
2293289986
1533432403
3882661533
1606020283
2226834223
701782415
3033809452
755730938
252119513
3545823294
3357658968
3631258783
970308338
3752878904
3328451444
235087752
1482478410
4075514771
4024473878
585324043
750559341
1646361760
2815155691
2648853777
1519584055
2997837108
1438441222
4151463707
3350242941
482061862
2544906747
1413143778
2927437053
1534398570
1865637361
2512752254
2421377340
3447460315
4038724454
1553191097
2472433315
2051206917
3713065406
3209685455
1473578316
2061203604
3943994883
3440462431
2991004729
4143967930
3735743786
3849629566
4146523773
639689032
3340400703
699307847
1669774312
2084483276
3399466217
2043406549
1686400912
3148594462
1501562313
1141607201
577685618
2637113066
3731510230
2509287596
3211752300
2126541746
43054921
2515813629
1096947423
4113744583
853643246
3807856967
2352994299
3827731393
2931659159
1045008322
3066381662
379944311
3700124899
4011168978
1303502071
2055201351
596506227
538761711
968631759
1394457501
1260116240
1412882796
263372815
1867605746
2972199561
2434712545
3717685404
3058726013
2129313569
3949359878
1076682870
2014899550
1626701239
162733570
359603792
1798597878
3721533008
1726922033
493313773
2503948264
2796593253
2313153374
1841725993
2764342169
1601555949
2769012295
773990827
1267239988
1258011656
2151604683
4047316346
791319968
2852532211
936707167
958470185
3238624985
1369267228
4110668668
1390017437
1590500215
1149264776
1967386290
708150203
2590583606
3006362007
778426420
3258384287
1732104786
3458982878
2856296295
2407834611
1944253847
2983998518
1033663349
4003638442
3765113756
2400871912
2157054896
1593922888
4249695992
3052424445
2926457735
4252751459
27747499
3158168752
3746663571
753032247
2547636819
3102852327
1868587616
3113823693
3218739515
527917988
567247168
663013057
3110887255
3484177129
571757042
1734422539
1502497626
1065107973
1691253726
4149282103
1907650281
3373652405
1371253462
1269723812
2920030790
2133484326
358900446
2677395358
1871813196
2526940951
2605028679
1437452625
3718873034
383564926
2931436377
2588934315
1506682592
4245313127
1865577269
3386452620
3171483754
1257081716
822775999
198753987
1474771254
4189782077
1326449438
3807176649
612044916
3620302982
4186109921
154428039
3114642115
3691210565
3649711430
2337637241
4183160799
1494112278
4195159223
2105521975
4171432369
991041384
1477524675
3673108561
1036334172
2463987789
1557184890
3041568889
2818633427
964021965
2890791024
3717588089
607955649
510051420
1061593069
3593633668
1999027988
193061006
1798326292
1700516811
2517528458
3951434672
2098601790
2624319096
3089331827
4281264704
2135197017
245721789
2190438435
4265739320
291851505
2622345033
3964096961
2459585321
1522091877
3427485667
280296241
525882209
2192239576
161838118
219781550
2620066877
2116515091
3713242452
1797075858
1819329911
1481230448
3473992911
1612003054
3941895893
4273863096
2290339143
1308044100
2662034567
213962332
2760822872
1251773231
3761314036
4111830998
1193313772
241871119
3605926928
3874754386
1949601082
2865118584
3810952290
1418812813
3085935593
2091553792
2970150288
1304446682
990477979
1622513538
2993756030
1990260579
3376770768
450333719
2112964427
2198244624
3028896378
1516002366
305006028
2165753201
4110576051
2656465008
3489266850
984311923
504942655
3543562550
3613810732
511356721
4225429144
186206526
785037072
2052007975
2327771742
1952837731
2322679767
1402227702
2133421818
584108079
527590633
3884873034
1727127508
2732859611
2229253711
2004916086
3446113180
4070769457
2580919408
605266317
2263943392
943470094
1708098041
1690430634
332104477
3611263268
3131787485
1484492795
782253100
4192933156
654301654
4099881392
2841861535
1479375158
1265170016
2875546396
2413325444
2150810815
3469767121
551911994
777043458
499123782
292898087
3370612308
2049573449
286413817
1886846095
1414196477
1098114471
253161486
2989475714
2052826423
2051492793
134703875
1994864357
4151261451
3496328767
2106985239
3737482606
267958569
391779164
1328293414
1193842367
2316134004
1932042440
2263241594
4003320432
3566471771
2260906403
1711823438
2822499514
3032160419
2741123200
966938232
2916669421
3414386703
2860217254
824233410
2465749472
930201997
330761935
2916972064
289171905
340615207
778638227
3995722773
3941721583
485205635
1700251856
1653488357
874297240
2915986666
2779233006
2765895426
3823707969
1341505622
2560543005
4048506314
1762094671
414451161
1068558666
2366899799
277664704
3891284262
2240532518
2460167809
2299487416
2059003184
3043937422
3711252858
4031610219
1654476751
3519379655
126355777
3100336997
7862469
943274212
363733548
135114847
3686880040
1447357778
1644300176
2379112057
4201478041
4234535977
3250490291
3698823151
3074025758
3630335907
1791963305
1006349965
4192517505
3305573391
3636510563
3558257556
2607840104
1725703805
738052257
1023164789
926926612
