1518410658
2188417151
2095790026
1924532664
3639338620
2092936866
134420538
3146709166
1912023857
3874066334
1163630604
2143428594
1211852202
3570356171
200222467
3889038927
3073878853
3057670945
298144090
363761773
609376416
2096204285
473139604
3804992974
2178034039
744109792
340531632
2443379568
2016713952
2811952677
2731843629
1821696763
1013870368
1399595579
1926682980
229043175
1379078152
2647346874
751624650
3581077448
2311021061
399795782
4063431341
4234638416
2408307421
1384480963
1792338328
1521869154
3816058467
143158884
2704319161
2857657705
2974041437
3395404491
3563885295
2154182559
2476005710
3889282860
368256163
3869579627
427857150
3001174310
1367714360
1358979500
4194236177
3974036234
567664530
2283687652
977372033
2237827706
444842067
1961061801
3305519101
2055064275
3934025793
4017658265
1439603776
3581980452
4256938405
3411134215
2311284534
2359168243
245158501
4140097697
3806131831
508951237
2521719562
3034914880
3810505224
4222084640
1664076962
1359847903
3088529753
4031491319
3877661386
2226345104
1857628521
3010187509
3898917188
322257277
2524190450
3421823797
3144567621
571082117
3457190812
531243209
3684682341
3425416616
3367612942
4292895325
1620967434
2453468179
2244126272
3193085724
2200853925
2364153599
3142635354
1671132676
1370645033
1493775912
3920240058
2342619384
3870191786
1818428372
1571974110
2336053560
2610217482
2573835920
1921668436
2953695133
3477217603
4196059836
1758004293
2074974221
2223524360
2014356132
4211032530
4268850057
3566107643
1999654719
1983415486
1345723411
1931753481
1470963480
4077653547
2486105395
180687924
3411000611
1681207467
2689514554
185713583
1427073169
946601909
1426620745
1273067814
651145575
3522757566
2028786097
3485120230
1581895736
1842684179
2755879425
1640866135
2460872895
1366586169
739309620
1012166601
3672159281
3316438284
2926674196
865078383
43453304
3237874602
2605153992
279211275
1436553586
2113128864
2420352050
3434544063
2389788627
191260334
1282573510
3945987260
2404964261
2643301759
92294068
562415648
937122588
294617787
61152433
780779872
1470933169
2785832613
3121649017
1345915673
2593550009
3988921603
4292260303
2363363337
3422274285
27000274
1066956969
2981596304
4033949705
2934333427
2239306244
37320135
2001695476
257255238
137550943
3778629668
4278170514
3824324883
4209945355
658313280
275383020
2359507052
2959939931
2187615870
1555851460
1083256327
2684356114
1126095003
4286267427
2708926240
2854730911
142624210
1584580878
348447389
2082697744
2320653893
992096374
367233992
4290041932
2282890603
1706091287
999342798
1989860740
453592710
200353649
1585586446
2510810159
1603060188
1122055624
3498504219
3091150210
1196040389
3180729914
3599001614
4285370952
708555944
1016451669
2631231839
1168513214
2891225621
1063950586
1684357906
1586044150
4003538773
2226231596
1684132980
1335868499
1974571787
3345575760
2034160483
153891031
524056482
1956848767
1741354467
2500919005
2208322318
2085241373
2022971824
3954800006
879026179
639042014
1616045969
3499251669
261672353
925002325
707863483
3261059819
128832659
3452142253
3645358038
2228212723
2620786327
3845104366
3070876210
3398464425
3076179087
236901299
1018391631
3423857068
1241158705
103850731
3037017336
2122174667
1467465500
2409308907
1975961813
2909044100
4046314615
2945056352
3248981717
460573993
283405664
3699852204
3362039105
229577614
315368839
2773785536
244744594
3545603759
1858936975
3837708189
2782803962
763070778
1416183144
4278051576
3712502167
2937448736
3721374171
1149770745
4025800989
1499933203
2815730842
274857841
3614584617
1665419364
745649127
1988742446
3504805353
1595261153
2421560941
734594933
1693576167
1615367236
229428837
439604473
1502856883
1765724563
2506024302
938757576
1582214086
2323468158
4235818539
390854446
1885935623
3400264617
788530068
3590460775
2656410787
3765416702
571223582
1592187280
2706112260
1744330024
1590815244
2899255897
3704542602
3291616656
3286525874
3868149610
3360528207
2772400750
109489462
3801408277
1147871496
2445601254
1649273608
2442593162
2523231446
3426780656
1040183299
339827578
3282550246
1859135181
2122529903
1767470129
2349759047
1248114318
2667700369
2217561471
230172733
3936228093
4287828771
4141607367
2917594872
839133218
2832987044
3533833086
1730717545
1084588449
1494135008
762433905
3971187999
442460678
345242579
3748776942
588989830
1389502116
516852071
3031840333
1547267281
4136913449
4080547522
1805650138
3264595375
3098127332
2417392413
1315662279
4143657589
2595546579
2730743931
1711222401
2855437532
831384673
437421633
367857923
1914874361
3772388342
943307389
682378904
1595022334
1773335613
319290912
3869039525
3137187911
497746942
3086275631
3060608369
1356702929
2023819613
2571909445
2793489758
1296073370
3885105771
334966470
2064444918
3489418294
3357078507
3457644127
1071345211
3488467837
1615225056
3414263579
3293701837
3683025659
2226407265
1976497404
3541547626
1064418962
3533034642
1164822202
3929178413
218677360
78264576
1475522616
4107760056
2867275606
2350311817
530940309
2104373425
3569638223
2513352467
2243006023
1102179638
2381253751
1527421034
1801941745
3434291494
1225327842
4103281172
4094044043
3982257292
3781344250
2973673002
2623931458
480150569
2519581853
1497163570
638181746
1120248024
3715561404
2254541865
70737402
131297768
2678476989
2907832408
1766422274
1836278618
885344997
3102603977
1244131222
1397206438
3436759325
1255194662
2056192657
2935284968
2118284532
3653904845
1278040243
2560105704
2845780362
1222345785
1299998888
2865079979
2811646041
1036695049
4261929724
2980924385
482139624
2243029902
1425870057
328763066
2100478449
1359336705
2994364641
3924796520
2170068705
254025861
1926265346
999953863
2989440380
2369760230
4170260697
992379495
2525780585
3844798413
1442481783
769235756
1728095689
2502170556
1404715038
2185990646
3909315269
2020561418
1567795346
3087417548
4277798008
3910294948
703666127
3131056620
3153338054
116724147
1973450955
764483318
522502507
1459291804
139925278
2091009980
1757008436
2446388942
3048740613
3184058243
64030515
4282788779
670318918
3140083083
3580711421
3089289306
3637705728
982836335
702274755
3419439785
2430208596
2436478966
260750367
4159826928
3574764460
2884902828
233135508
2375893862
3619921793
1633478456
2493665547
2693348203
1084055959
1822341305
3937373576
3761163333
3571090896
3397342332
3637033669
2925326369
2906842681
1782785295
652010985
440135504
546644004
1977466137
1571908162
1630776059
3308780302
2476904056
4066473160
3037356231
2001663326
3157415501
1209549204
2628018955
2192702606
943913366
283218168
2723420822
1526895300
4060516023
2435163782
4266721799
2623448605
2087556400
626012132
1687986266
1780299894
63805202
190968010
1422339598
645566610
3001104083
3011325571
3228463387
2395489316
505850610
3727499179
1472697911
958941435
3104329704
269260693
1654571687
256350110
685534727
2706790530
763072895
4263442557
4139175740
3120037766
2002103345
4003784291
2204571935
624371810
1314988294
3401649741
3400980775
996335795
1117090604
372218445
965085720
3919030167
3028131837
1341753537
3103881804
3534741979
2078560541
832169739
1778817188
1999452719
3482593750
4185222000
2548228885
1047595332
2621198629
3703379867
3511098670
2945693755
417417754
1378543378
819913377
3963234386
2472309211
4107335390
742061399
2378606954
4236314536
2529394142
708823827
635479005
2095962190
886958555
3849743183
2859023809
3538875196
4136629162
1778540596
1714845416
4262359339
1138870986
3152748066
3100944871
3363951398
2198664401
1078790636
1822266454
1076641945
434344547
3242648650
345679329
1110731850
2910738870
730849619
2884076706
2501110891
104803636
3016067385
1137113214
3439320396
63089014
132014792
840980317
51190390
524195859
3383620452
246914929
295657389
3957268588
724083504
1634285357
3967893361
974681111
1475926665
1361363493
1638742227
2238088127
4155746224
2434985534
1607818376
2619510558
737930463
3293610163
3978341937
348782948
3387160965
3322986521
1051218187
1598620623
1866774716
695978849
920412852
310062262
2019415447
899565684
272286451
2052330620
2278313455
1634524506
3014599764
1878191552
3831993719
2488939304
3108184913
3387101429
1619349677
2212751703
558091885
2614615238
85989680
3207778033
2507349513
2362164536
3345718892
672776121
811289482
1940887606
2309924671
2904863646
2403822390
4079034101
4023645199
867766034
355289011
3473297972
865976719
6451778
1910453480
1643171719
3261043307
1134083144
3847698808
1472557382
3832879847
3833274792
1908745374
2745455437
3782261544
4034280678
3979470437
558502937
1683604043
3491168207
349555311
746288537
3841683761
2858793673
1483880699
3511329293
89843233
1162058329
495782099
107491910
2862197285
3989522091
928442221
2737132609
3571207919
3949729535
3920639204
1868496560
709648830
701099606
665304102
242415242
1980543825
404722388
1900283097
2556741346
3230381679
2410356675
736020669
1435910476
998530102
3409890277
16927573
4239608181
522443842
3775982319
2065185653
1770657056
1730983349
3965105690
138068353
3518613746
4138257066
3215672832
3311127726
576028860
102207101
1722942183
71080011
3131939451
4128576222
926788443
4217125525
880683138
2725997917
824111544
1692214364
3186349999
191569528
3566779053
2558249912
440808810
3930458215
3990855540
2914994166
3127279084
2717681144
1985281029
503332081
208283351
1349771031
1120330241
3918220474
2767248738
903363347
3152215926
3952112824
1754019860
1569216720
3644988673
330909016
2980753039
1271156420
291894745
4131824013
593849169
1756313708
316551735
3698090477
2927864181
423660460
3342367689
1719252100
2582359318
724472473
2462876762
3369507307
446929609
1304620919
3154161709
2142628710
2395071396
2940681999
3370156767
3440137697
1353670835
3814026499
604337904
1167911040
1961317261
41726982
812931373
1248599062
1578868884
1571243159
1642129018
255283613
1485118676
2785655770
1158225829
3170844722
3498123087
3878224926
349232915
2189242120
1834569364
2866458972
1845641170
1006676469
2612773419
4222002253
3609581553
920280205
3750090613
3690501611
4130122283
1272290562
2794757405
4013340289
1630890456
2547817705
1463749377
558311995
2508806691
3476427416
652665797
1241641159
3150052856
1365203733
3074211609
3724256676
3843321844
3601180555
1117975416
452855786
2954023015
3992613874
3545055040
2983637865
1590999464
2540203266
557236908
825546241
3286076377
3361495740
3944857830
194467754
1939024655
1894959135
2137264935
531353235
4000772062
3497251407
1114616517
1298608077
734295324
2591572714
581619312
4136748692
1631465474
1508900870
434417179
1279619422
3809524794
3387555877
1569174204
2702683744
3254772044
79705523
918806305
2267316996
2329604960
808366509
2928013292
2975753535
2453732802
3346631857
2399794713
2257438459
1809009137
3501995568
518161204
2873818053
2985969554
2193910472
301007280
1455607595
4078771535
810471256
2984728228
1145750543
