954051617
3288629429
3921228429
2798208211
451491848
1455647989
154777111
1502936852
2501799206
2205070103
1141820340
2281451953
4106195445
3702207540
477252850
1973714324
2041415361
3660655538
3776867879
3351854777
2173084573
3534107896
3260050360
22174956
1331905130
301750750
3567584530
1416613778
1810633112
1654303200
2547323655
4198820886
2541312118
3043244994
1704030791
1372889881
1650093883
3819025057
3250609356
672286964
1695111718
3197207728
1050051429
2674716969
2079881180
2744228712
4253579477
798121663
3980723642
2002382257
1681809048
2413437395
2679561951
3880939434
2676751545
3141007687
3522145083
266525988
3629964279
258225364
2967608904
944837150
3383205944
818098151
2442748823
491211945
150623653
2123911953
693823002
3831576841
1658508716
997084179
1990125111
4104034604
2063673737
3928294433
778135476
1029082717
3439290837
384230542
3336841035
2391542907
2633824481
1360593485
1192011811
2215889854
1966612803
1451089449
2032997425
3932773295
3853532715
1585640200
769209910
2313878264
78138245
695234531
2108301728
3318662317
2912383789
4169994556
2599002013
1669593845
4072355467
584452115
271809268
439250722
2068563470
1473255525
2922433514
1796888797
4251941169
1483970578
2366924011
3074365018
3588133443
3805209660
2021314466
1735057242
2111465148
4162701340
2838295390
1137711310
2016762946
987475481
3421201014
1738133837
787052686
3147779642
1276000230
3830325406
330502806
2375900593
3673451971
3693188749
2663148231
3575214221
4290453708
1255202607
3015169866
2347099265
3434542853
2711379679
1867261735
967266811
3310043827
875986331
2803731279
1853452832
156856810
143509122
1134018648
4173846468
2175557162
2732238044
4241157427
4092589727
3266087331
3745904706
716080027
2541781236
2451231481
2385750388
3009163639
4021202269
1141605350
2714569129
2856998883
307631253
921577581
3524185085
1458959039
1960971735
1836201401
229280483
2676786129
223208758
4008984862
872562509
38508825
3748571881
2191467094
3551278535
581334438
3547941111
330926504
487537296
2120368926
1970719650
1993297133
3741239852
2891967189
2855817818
1481754760
3530048539
3038769757
1484349455
1723353854
1759454181
21534594
851846809
4111447704
347757196
2173827221
4117476342
2520317483
1823150752
1707795631
1260598158
3773020276
989488744
1474285232
3567191542
4113362535
2209361925
344534127
1262852050
939777146
1736296895
4100105321
492335292
1052249359
2949999618
3996965100
3075271771
2584496416
2904654784
2772356012
1455325667
4017446903
2331384242
2839963831
3181257155
2586239100
3580699455
1929991583
2102800021
571621719
4247147409
1664598359
4007606903
3913615253
3839815145
1579230758
2374461846
1517410970
769833038
2983470325
758828957
419982100
1562285628
1736045856
982576295
2017316629
3762041643
516891966
532766822
229412141
2706944915
1121857734
193950151
518561999
1623807273
2788176486
2403479107
1381833352
3044555122
1727618396
578877088
2090545219
2353718014
31331542
3930757701
3113360642
1406399696
1640490269
507134269
2287048128
2587932197
3416668581
2126030286
4125832443
318810193
260110813
3932388746
3009979552
3990613729
179567020
746020242
1300796915
2260393409
3985966181
1507564193
571613403
739651053
742081760
1293920294
1808793100
1669453462
4194444377
1976605608
4143611928
1194788027
1251677116
1163223858
942625012
3708999359
2933852688
4222251559
881981477
3035235616
3614528700
314869607
1626336031
3134239375
3716344682
1931203144
291618215
2462672169
3782495661
76539234
3007842822
3152256040
3606390021
2517463255
2196090965
1973946145
351247577
929362697
2623084940
1531662582
1943973718
237224521
822897922
2629226966
3786015974
2124175528
3333557914
2804245000
3597227018
3206833007
1761177963
2515531007
1105708903
994774132
1396391938
473111308
4227624994
3402499108
590103944
863614614
2900420709
2036907209
3006556631
3788414628
3099602553
1646858759
1864223685
1587509393
4123936678
3750858298
2544633963
1918397185
1596253157
2571430672
4087153172
4224137752
983268014
1298038116
460516152
1089227005
3848894533
2059408964
1379475144
2925047388
2369596551
369129068
2102244446
2247237862
3511135754
2170924119
1713649013
4056215333
3617128234
12318458
3324880400
1804133446
1867837883
4166062560
3358111610
1301830008
2312333549
257362778
3113824082
1558428262
2892857084
130606197
3829040498
1653378041
298373494
3029190629
2392517436
449258309
3985743180
2896274503
2640034712
1151839525
2565103751
102872075
3093025396
3109847266
2862779827
591473192
95136017
1945353157
3393970070
4181965109
1572672432
2338771890
1264608642
1362154140
1164360666
2344933631
2128198786
1462259982
1930361488
3533031185
255964317
1660495963
846022862
1294533862
2781973943
1460125608
3643523719
1589877665
1379374883
1154465160
163282939
577515086
3978760741
817237883
3886565631
4005121675
1358603369
76965357
1162545040
1165330984
1264595307
1134297171
114816832
564412377
1222277478
2099427696
3724511599
2531473488
853229080
1684508833
2006289159
854527859
2042607057
36051431
3397828737
926236530
597454688
2103589944
43607800
1952599818
2521916771
1437314310
939936731
1239928597
3951281230
5907987
349962111
340615102
2314368800
1041368123
2966608385
2630138409
3806145774
2963232552
4054661439
3432785040
867510890
325043145
3906898234
1255035918
1592559150
1034918521
306977725
2998417307
71381965
2950245332
1241102460
4189866999
134627939
2143346998
3467436703
1385403459
2779244732
3635214594
3380931671
3580641014
335783420
2180674197
1950365678
4210736879
2374013931
3777492130
2199606916
2760559268
3834747242
4028554244
1407549804
2208260203
2652958831
3811580047
1559841348
3941374524
120642708
1443327163
4026474766
2998621526
1921535757
3011438752
3722681199
890853485
1323454488
3941411925
465938419
1052169858
168119757
2693729885
1961314182
1418420554
3586370772
897395893
2225052496
2228409325
409592966
1943261924
561223833
3790057135
3510341348
613799675
1292924938
1107575363
624485323
1982420482
581113039
2674203674
1940835594
1764168844
270863312
3625131724
3178796248
2583297196
3226976085
299521440
2101685736
443993929
4093563453
236555597
657069377
3626189658
4198331766
1354173207
2002855417
2687861136
3721315372
1220289604
481670732
456369361
2391275879
79962345
3757701225
3082494830
290522498
3739483529
750679573
131862826
2628933374
55951828
4146678160
3133056487
1497006851
2513460751
202144079
797131520
3170206375
574572222
3707723311
1664540784
1289462762
2675533387
2759431184
2076767326
654088071
4205193310
3689181512
2778721352
3452959249
1196352653
2617941549
1897637115
3928906435
1839212889
1369820024
2618804958
230525317
4294386330
1439638668
4277115914
4017613388
3802959188
3955101697
222985019
3286971595
3950130640
3341723033
1976481712
909710874
365829426
651175546
2679020117
1158439562
2196356166
2021453664
805806603
682768243
2427369766
2957880196
1263964779
2910957450
10744644
2735296943
2480552569
3066840841
619652894
3651549615
1848596261
1110680035
2707224163
1583526609
2608122805
322835589
1246953816
4255133357
272329428
1963491804
2689133234
2827322337
1077239398
1127344731
1138163777
3054870698
4184635795
1768478514
2824033158
4115873986
1764247896
3811131839
2489804960
1727888693
3341726956
2828814641
1861633201
1648643134
923664583
989795861
205774172
1410136815
3062086871
1018713512
2559206298
2430606558
2305110524
2739928213
2113531203
1022293775
3450475226
856333837
1348533519
2580337933
1207916396
3162874476
709855500
3258267777
746456711
984035491
3934447459
1069994563
3566154843
1347347017
63070730
314355111
1842300769
2277989137
1334105058
678599501
2314757921
1154588244
2398631518
2559324359
2631198457
2864501851
763088929
3889446006
607201448
1179901950
20060557
3032069922
630847135
1375178522
4277799169
1744372721
2980249062
3708859897
955893053
2022421590
1675533584
765358480
1002973181
718865983
1178378401
124289086
426339293
171893877
2201714052
1263972517
1237237428
2369532716
824790791
606886366
1097911851
1509235729
1567096325
3140337806
2337032526
2427104174
508925918
648153700
2864211045
4291630388
3125312034
524464074
1576832905
942963689
1537967453
4290412490
4085141155
772565714
709209524
580194312
3438798624
2856629908
1508427591
2830066310
2262746374
561241095
309283964
129849226
3730100075
2183932692
3027565950
3803121767
292491508
266733216
267495360
1217285239
3862603561
2471622428
3029439156
2270861572
2255367680
1054207367
3061268122
1457680590
3378752249
3630941421
1657200293
3253713850
1947630418
2014630749
1713898876
1247132223
3159273011
3270200060
905299588
2055959556
756973693
941073950
2227113405
3000550650
3421793428
1764914991
1826416218
41740089
471853311
1488748096
629663286
3888375047
4195777815
685901473
196255234
3611080296
1110323958
2599777661
3231318942
3249270283
1633990281
3762753711
1914151342
1148801132
3857437527
2109234916
977648652
765765649
185669008
3238942646
3248225554
4084678760
248086868
2099374320
522378644
2467394914
1856338281
3777414777
459226734
3353420003
410555551
4031464844
2104064893
530964858
1748405302
636774542
3306330936
1661932944
3180395389
2856135551
680144398
2763897257
2427382644
3029210687
1285496326
3212446624
4291262363
3697843485
3922889656
1598880726
4120869656
3159411084
3329305993
2262176839
2000090177
4202413766
1815894122
528932247
2983098890
2454572237
1843477234
2107567719
3008683509
2399522222
1523205795
2286769113
827336588
3666614271
2927132018
2010579603
3089988171
2235415182
3497169460
884996055
3805034432
730652849
2070031947
2328000971
3621050746
3048781134
3038467131
3195020170
2230222956
1127393174
2485765784
2196655661
506531695
3378979650
2781292418
659395125
1239542787
1942172574
927105076
1364873900
3751064595
2021229560
1124026406
1368188532
2169792527
1063956788
1485693519
1832439461
3861872770
2407833661
1041243970
2515030022
1694609706
2698001348
3034113860
1858570468
1505267161
967456567
172345556
1005701780
2758421471
3377785958
2842768825
346433239
3308794507
347775398
3454271444
300042608
3448002060
473050480
771134343
1204946636
1828408930
1847320106
1806103167
27605428
3633654939
1428502250
2957221229
3955814656
3505065024
1108215116
3876229747
4038300281
907881543
517422731
4278723994
3161794790
3765396716
517652753
1149875701
1637629452
3519887963
2546294716
553485246
1296435131
820732299
3004629962
967172361
3469353326
2731412112
2830288838
2588348744
20564776
1633302387
1118946543
3593331212
1145565071
2330852383
3231635112
3502886868
2956643921
3996897100
2264996184
4227953379
431231983
1526992424
1783989735
815723100
3563741384
3311489106
3586926084
3564376884
3100364716
1803308010
4159032211
2154025012
1676731315
2249495978
1115121871
2571311165
4212683061
2463663099
1215863120
2492081591
3548414819
1190764581
1720321873
1711993845
401463806
2552227345
3308878145
2487630511
2588314195
720711313
1680814884
3159422537
