951395846
453469812
532439541
2998317734
2355686946
4207316250
179019143
1462777913
3844082043
2441961174
281744456
4276456655
1421626345
212834011
3821652204
654406384
416319782
2438351545
3946680480
3079888714
623339077
2438683711
2368150423
1165287318
2038864241
1178749538
896428785
2964311764
1965363286
3095124967
2584153920
1111084185
4027397519
2929178858
820079457
2243663729
200478022
1618253014
192445557
847549495
1606341976
3568744993
638045173
432089309
3326191811
3188914790
2082276472
450746062
1229781255
3856573344
3219030512
3449196180
2903606873
802241553
3340549055
516013124
2775453572
2047947212
4026427505
1127317912
169383188
623338638
1975054217
672665164
3679828848
1865602453
3995468102
467305893
1017256030
465314739
1420818565
1817150908
2418349960
1649109197
4045829719
3283569356
3928004194
687830760
1417538549
3983900852
1876578723
2909777182
2804961767
2597665840
3732295145
4263602478
2326026657
2114048992
3688553078
410465059
2976563092
1113738135
2818257322
4085704541
2230213443
2571085451
469885301
2210099111
3959718906
3515531287
979424733
2667431441
3265490501
702591803
3330687388
51169189
2513182453
896874156
2711754518
2623064222
1677608166
2576828815
2201560265
320073806
1245704908
830716126
2317917939
2472751363
1913704493
3181964469
3021729394
3058853383
2233939894
3790881617
3613086887
1298665899
541906650
3664667695
2564614043
1621878273
868978529
1901910738
1188613312
4195874778
2495441453
346081642
2491766537
1978764932
3388042075
3194113721
1389543830
648635918
3482719474
956744018
2502992717
3989311944
2769264509
1092038184
3638384166
2142459379
3267461252
2824635208
2753403216
2091791595
485787766
2985561631
890092113
3010078932
548593915
3577398567
3457307526
3818123722
910197914
4274356743
2563581337
796419245
2092171642
2071852168
2008891555
4167066566
3237176365
905402943
2799568418
2077179209
2313960294
2126735614
43794205
2652433722
1819312477
2600098016
3754566469
3766829199
1132240494
1823332787
1413257863
285194928
1432667212
2744866843
1237574806
1679786872
1912919206
2538003470
2463636531
3572073326
3467939396
1869713895
1283618010
429566903
1434583770
2604024719
473415953
1065881885
2511628044
974875749
3101047691
3212525021
350832493
828049866
2622007233
2532739076
4250199961
3827845544
803906480
332625308
3873874572
2185141502
3682267599
642873675
2388638099
4098822518
774262423
1997829831
637973847
802364138
2248221904
3786330853
2026794686
2093398413
3423549502
573480172
3534600360
2072933894
2716913495
853093726
752465438
840357573
617514524
2130834992
3392041916
2716984241
3464067158
352770854
2564477996
1104050395
609877042
2531608862
1610089463
1330211497
2291654874
3661591057
3011553240
1318405992
11856667
2000239183
3739692279
2747144420
872441115
76033965
1032639816
3746275105
265629858
1626875841
734714824
3597076019
1683038936
517126046
3685351142
2007452444
1855893784
1237931960
4148369667
2852624032
3032716094
1456589522
1107721811
3497034269
307020612
2892797774
3047112557
2409559910
2196502678
484298770
172780045
3841980972
110474088
2447772753
2278377329
2092676761
644412996
3704540700
3409976266
3985299248
258268843
3835283340
655394017
1799505437
2239508684
3146425984
2609474583
1948952597
1585177148
1756014304
3420794278
2397059820
1504599381
3227429506
1235540605
4162578202
2345489217
1151476850
3638051657
146677751
1501794065
1705394082
2107942052
2142155480
3449897779
3971765455
1541271707
830409883
922005611
2027081191
1381310180
2400495238
122257364
3604967060
3481196876
2677384198
3955497158
2789301521
1088493757
4236947310
2937848791
2944091059
2587252087
550323989
794681126
3903641063
3142700250
361037991
3842649742
3961117746
3860056918
3843797412
3952443760
4150385505
3102396738
1680403491
1268794106
2321370811
3453581635
4042434107
1912740323
1955532047
1446013077
592357514
3557794392
882198956
1995801840
3449394560
980403192
3920509523
4036868052
2037093319
2637288769
424480031
3039707832
1990354749
2600265638
6834029
1852088780
2992235520
3392349136
4160897364
1323567879
3999441215
1167380632
2717082675
1592183223
4143422020
3496059329
3028788129
1311532608
178380494
1432541258
815731433
4098027548
2784896397
1092842039
2417775942
1616712991
2160123170
1883961693
2562123567
3355653357
1428314346
548098971
2695125327
1888745728
658775852
875268131
3805038166
786312218
3789978245
822923161
2118132647
2737704941
2064681807
2067665010
1355163506
2686182169
1117717933
2191442752
3022234557
3122793930
3767023282
2499232090
2840229786
1271037583
3368864030
2339207391
2090431739
2644342173
1819961868
1644037410
2823142403
1393839025
1821053236
174535109
3326985357
1463804075
911965950
3819365983
1275012261
1280710835
1512497156
2101851345
3528822394
3286994753
466703924
2288507829
1625986757
2331502554
2759271855
3568953558
3970104485
4162177846
2951557197
1008718997
3781817746
1350163051
3961116648
2761877762
472716563
914642671
3954304813
3727956836
1874312468
3452201727
469298939
1760101045
3708987331
2247739543
3009476951
2760290465
3299477586
861258664
2843630163
3528449369
840825091
1743296674
3381929421
3310390657
553604978
2066981819
3688250715
4030816265
3752763619
3300883796
2223152132
1413459858
3728910231
2192305873
2334548327
4222286062
4040327078
1362713887
3455931698
2865706801
172146789
182446019
3231384147
2074476857
1755127019
3353306529
4176946033
786238418
3482537427
3869977440
395736372
384793773
2063625691
1990123560
1241007856
3704973282
4214961829
1343249317
2784696806
2738383975
1668670350
510374374
1303436885
3473811403
3213002819
3779973230
2082228916
1032634100
482391677
20237306
2967655310
3302376806
2116915417
293214580
2138083729
1712255077
1123720406
1582663296
1621191455
121907477
1117837343
3291298881
3345145988
3618249977
2394616602
969764093
3209230125
1375141532
2855222043
1584827712
1114517253
1182723137
910584523
3460450998
4176987122
2230116776
522109299
4072418129
3950619846
3188182352
2896197548
1337431599
2981608341
1633135165
2487698041
1114499424
331824261
850950590
4016417701
4071434794
3286506334
3664964741
3434107529
1411256099
1206495707
1303247020
1880468711
3961840344
1750079806
2629071535
74986861
126845216
4190470221
1518413313
2027760633
764521487
615724297
1635944359
3604618510
4067103016
1372409992
109927063
1339507862
1976795263
2272155730
1471447823
219107495
15290651
159059320
1967063738
2079060578
3365211161
2424616835
1728087259
1642373212
3336140200
2523626458
2932798432
2344170380
2184259409
4237922138
2774023727
2742828031
3028772672
1758079156
763593839
2667432234
1098700509
3818814047
3052134717
3932780298
383090493
3232257228
2283182286
889326129
804004124
1714112740
2736656605
4237397038
3652922808
1888351984
742377876
2539462068
3196883246
2007235212
613598552
1729219437
3118815041
3559496383
1307617733
154174263
2177301630
4082572959
1076250989
3423622614
3449354143
1493370398
3583141270
605416156
1419650300
2106654602
2511630567
2328358148
2352441347
2237687536
3723639689
413582265
925663555
2416081292
3670137181
3217696349
1928364305
2017189916
2138307131
2418698903
3673749347
3311069132
2237708648
3897231514
32266389
4231978925
4068957278
1469065687
1463519880
2437276490
2805612782
224215254
1494931600
2896609189
766788266
1571168881
624808321
270596442
2492119556
1133921884
20958216
77621620
3963609404
105792403
988911585
2287153623
4222631449
3046260333
3792468200
1476117271
658545987
1967727727
3233598095
2738929613
1948638946
2610829024
2188492922
1410521791
762410378
4039207962
479375807
2776439061
2163562582
4063971344
4106600393
2786786214
2793397625
1020829949
2288430083
2965157141
313024960
1265453685
3419079636
4254836161
3685020020
3262404139
294350005
4082792923
3165875944
542996769
4036543333
582323205
3557226282
3442931461
688004126
2669421348
3552765400
1476712355
4261458175
3864653912
3098331467
903773378
2391517787
364297324
2281138389
1855737634
828676463
3562861238
4119000966
486447003
3402812761
3664381113
1537991221
3523450708
1950085793
3391898879
3846739349
549477200
3416085371
1564220002
1948241219
2571795290
755204192
2314705622
2821352745
2621850911
2213194477
3730954152
676155822
2649482799
2978080796
3378457000
3225709001
3334344365
4007610627
2247670137
2606121885
1122591278
2398200723
653267973
340838998
3975611106
738932693
1916884807
2957748188
1411431089
435117506
2777054650
4127751161
862329716
4105658131
2515271433
1682251893
35678054
9587492
3502053710
615299213
2944165574
1416476754
1231116233
3535854738
501683709
3896932260
4066643925
1188949538
1645426763
3299843240
1979702359
3470593395
2295428525
2749629883
2809409237
1466162422
1257320184
534939306
1656314706
836137445
3188465857
1863912780
3021299728
805025425
2447065820
3641205436
2609469970
3396057982
4265914192
1461111154
3885788662
922726052
729814546
4144962506
1970806697
4247111858
542827991
3453852737
3727831203
2721072968
561249878
1781016299
912798663
4068862517
696041915
3849068694
1606838231
2886832613
917951271
3587891262
3514579632
2080434953
508184895
1635098493
4110202333
2089248588
697206136
1158223836
84917312
2311085543
4234729983
839395287
2262335139
2178298679
3664201380
1748428952
1161495933
2823374518
550329073
3243616623
620899810
3278390473
3535907657
2546627132
2992672116
3043247318
696271099
1248958655
489530673
1385626255
2782229918
4058552450
3055255001
4135422133
697340795
2051159907
389428892
1539729111
4074462716
4229262745
2439304211
3485705446
1884638280
963766518
2557682851
4202095794
3862984730
3752535156
993393639
1989316855
3546067167
2905683311
4090972334
4233645985
3479870048
3153411850
3624628050
4219897614
2453900185
3777710443
2972567741
2530325584
1589676678
1897365145
2906569743
3686643140
3268995985
2720050842
3664661215
3104360152
3745018380
3271504611
1878074585
1795807760
2553248720
532713850
2935743341
1659574183
4270517256
3975586182
1017398428
2388318901
458927227
2128887620
501348010
664333876
1925370756
2131291999
3056912923
444194636
3774276565
2383083982
1359019642
3535548116
2532804707
3697654931
1139300682
510713949
3222538844
9561561
3995765433
149951679
2262980577
3329937877
1490248017
2689551616
583383433
645625546
833623052
4129358670
3889756618
1908091300
2512132454
4078178541
581530309
1332867095
423455204
3946769269
3244412590
382948683
2417229759
2186362472
1876432653
643492273
2733155539
1194663287
2751736835
3764982184
94890238
262903208
546624006
390992346
1846034674
3728353984
4184459605
628327385
1376974208
4243801609
4150165495
1788858391
3314797993
293594689
1920977580
417466137
3311720770
2692795192
3572819430
3749360514
2519274515
1134130103
1264041478
1096102928
2332962851
1894068007
373308244
499260665
3027780953
4047805027
1276063068
1854008154
4178245068
2257470983
4119968912
3233116024
954161239
657004944
3279265778
1400636567
2027382256
