1687560283
2963737032
2294968553
4062157186
901813924
3221569244
2336202384
607510370
1181564304
197627031
1346215435
2418791899
1882138354
1707140340
3918642349
3318835702
1892681447
3070775702
1258451845
2902716285
1190252290
1030505369
241082996
339071454
363113918
698098427
1918771214
836759249
441091295
1162392804
1121046990
2107331367
2899160245
1409852329
440012277
3685798996
3139630506
3197820568
3710785548
2478033630
1509985203
3352843246
1527599542
616428536
1065632869
1263354943
4063320525
2579845582
2591240977
238492262
3361731622
2810107363
1994432635
634426651
2117242875
3595669524
2717342559
2193614188
1883816092
45385183
503584567
1892851886
2000014289
2454067834
660173661
3231220117
4240885589
3271003311
3024735499
3596897668
2913020174
311825995
2047646453
3937432401
1266294758
2394931414
2260757499
3994244941
287166368
3153019118
1098111818
878078547
3496444722
926616252
961870487
4131364662
3996090378
676592701
3559065066
471941283
663272440
2299014240
1917916696
674425817
1577390805
1367306703
3636544751
3125683962
4091141895
3364581406
2004798666
1350297078
390808918
974559860
882877632
1566071376
1390213512
818955083
3810374802
2555552939
4226603699
3570237204
2974144616
1538374528
897999675
3081797144
3358717781
3823036358
1215335044
2346167671
133128370
1493347585
1979204366
331241833
807717264
2717920969
272551011
1483324883
2110069117
2763143667
543312452
3106567380
741804680
234507808
3698039312
3217451737
2031494083
3821609113
1255144908
2477944226
2780523122
3832914072
1803176603
3109420042
1684131057
4142673560
1780316737
849711157
439307792
695608820
2997317621
181353125
23021912
457590047
3041461260
1821304091
4228282322
2309947022
1741283118
2549922430
3335745079
764163058
3573895093
737790184
442169797
3466157241
2931046505
152801074
2879561203
3278482053
2444338598
3286262239
2049841232
3260936135
538801351
1141188946
174241096
582026823
2110842417
1015152730
173581899
716724358
2904295380
336260002
2030719993
1834600259
4180388800
1685782388
2470080344
1385654057
2249168780
1810337260
2896684318
588290481
2654423276
1452374774
3911909863
1140446905
2468439627
1145058384
665428503
4263823307
4006240324
1694304567
3394618085
3213630667
2328512995
3708920217
2785865304
1003042915
2368882841
2884478152
883172974
1863568001
2325970492
156262263
873081049
1188312369
2108291225
2685093374
4194840327
3287277927
1056655292
685973176
1981496022
2397473079
3076720745
4137466703
2443895981
1971056167
499649105
2494789797
3171828273
2007270235
3372869342
4017595201
3636544763
3162780236
1163296007
2960119376
2528465969
882150911
4097421630
198871679
525548040
4105474347
3706019597
1165366147
81280969
970249292
4065395254
1677716332
3573499537
346300028
4198170310
3653959685
2449241198
1690204656
2998288676
974522229
1310626574
1609180754
2116401288
3440400153
1826830653
3663392747
687582922
4075080972
4205635189
315158468
2456220535
1453618882
1727065929
414096758
863691889
2732046740
855445727
2662263069
619231177
2682033084
29056870
1494803042
2564649811
425311816
1785244076
1158150284
59768638
484543121
2466568741
4218214866
335557925
1268614090
3405764999
3338449650
4007679409
437448754
1802848500
2384815457
3980074511
3195937037
3087445409
2606720876
98696157
2904536296
3404808871
2774943789
2242830907
3224946888
3378269678
781121614
2083898814
3557570234
3590878905
1423664199
2613199313
3537683820
52823393
593906330
1818529917
2716062983
661296781
3055048466
1693769518
2806492237
2850268582
3656071558
1584603617
591752605
3311271422
1731296908
1925537231
1525811232
3067145807
2573027335
1816356458
3103256980
419986835
2145612950
4034260413
1936625182
967587080
1385212930
732524476
98566209
3356798417
4050628918
2197303347
534933378
3639977635
2547084672
2181998781
3118981045
3497964692
394389346
2498513270
3126477159
1572157945
3434430646
3231970434
684100667
2367159366
810329215
3274577597
1671041528
4144998714
789584123
2494684436
2804880239
4189124299
2154362029
2099768626
3709568526
2456848996
3262573367
1018339119
4023844217
2600948489
3551864806
2569737103
3302709665
3069228731
3453842922
4189973997
2905571671
1445717620
2465857121
997146790
3124442698
1051291548
2826539641
1734823551
2899641194
3307213904
2701647002
2643867534
2132129092
3628955262
1465637049
3029843306
3088340232
487498689
114820115
1109804784
4001776328
2936400308
566773674
2865787799
345104952
795768676
3303530647
1690385496
3510331800
3663897473
2996949348
2000480764
656985930
4096908297
775272707
4127289399
667033610
1338355913
2523237713
381768362
809372683
3753370192
2632670581
1081093173
1113327122
2645797434
1368282798
3658408733
4223626387
929396363
1449554406
4276860666
4163720394
1590891700
28897354
2098944053
576915493
3995337351
297193584
1212445034
2745018742
1717043580
914243408
1102061165
496390587
3336754119
2948170113
3208312043
192762068
3045289811
1333599654
1912488288
786665740
88568928
1551060038
4034503446
2427544761
2849649458
1350746541
3116431551
4134548694
3555991294
3642802359
3414352310
1917383149
682371229
3525731175
2332437639
3932461478
387696127
3167411470
4097854100
1853266082
1866768398
1037873022
2984104373
1514523316
1800689192
3355628831
506204196
1278708818
2070040145
2086871511
2605377591
1806691334
1687249496
2319750509
4116398518
4143252152
249030564
3291401860
3947141236
1101072556
314070398
1496189857
693784121
313293934
1888255759
1930058088
1577352235
3423771393
3522646746
410948083
311404915
769581250
3124795975
3881130271
4154133461
3373812085
2671164678
3384761816
543524684
361722559
3989888755
2507303231
3055445393
3973178956
1260184069
1787626573
472679581
3670584835
2930175906
3028742600
975367622
1221972998
2418801178
2544312071
1859621930
2486600095
1556462896
1913883328
1657833738
1592941615
2900601014
2458240568
1397812937
3498083019
2095334485
383907224
4283555912
1793086506
545199203
3498306921
300189228
3947214091
655262009
81754483
1264735165
2882250306
393417642
3962105015
1330602683
2301614213
1274485598
3104661682
929168006
4184766606
2824505577
3093756776
1334042387
2083665126
1237874138
647958336
1313391488
2548477223
3073246600
354858510
3426529885
920283406
3181761172
2210438773
2173436069
3600032640
1512869463
2910946273
3741457946
3655002651
157109669
2483840553
3419111685
3459333407
2064216288
2911492846
2745376871
4220934639
1549014425
1038770602
4045411361
1812822061
687290504
3427914014
508289167
87500231
3820054863
3808608620
1148990939
1484507645
2878608443
3022294263
432052431
1563466758
4153086449
1704282364
1817298109
3628368727
1152880250
33555021
3505685345
1198177474
3020084257
149654521
3756181587
3998708118
83004537
109021005
3569495999
3480859717
4194898679
2570640178
2756437831
861853900
1017645301
2509331919
1346177417
1415994424
3345117978
5160325
510294349
1778301830
986226649
4269438966
3189269554
2084583386
2006124225
2299122702
1512968917
2876024427
2225939076
1554216880
1520159281
3214530933
343307323
1785825875
2760703600
1841769643
462724963
2689099012
890819985
153331603
3558502418
1995655393
1729337633
2894857270
3771345258
3184362384
2717184532
2912530508
4041108823
849863562
2459787446
279782770
1373045780
352799105
150814560
2445629885
2922999269
4290988834
731752480
2992581298
2987401015
574343639
60171557
3738754024
1605705532
4030809991
1213067992
2990492388
3857876260
3876519506
1188402488
3887053896
3528704074
1608410865
410009916
571255874
209896116
3273163579
1340457018
3304378226
92945306
387665443
1499799192
3671018430
1909909356
406667989
1694556874
1655576638
2984684840
2852271230
3315201370
671224276
951654733
2703124176
2937858267
3770564147
3919118437
2938533039
297683044
991702006
3507216792
65180560
284567560
2736595636
4173900900
828155677
2750333238
1230344098
973871153
3659787484
913946948
3399642802
3264458170
4032756026
2485849079
2694779761
989670422
580562202
1117927323
676241374
4010096123
3554029128
1030536564
1757837498
2452692665
1074909395
1182460702
3198023369
2724303294
4208725223
170461022
3434026568
1514764049
1174170193
3253051970
3037920010
2349521857
4145485356
2499164200
1053990128
3140677514
2668701165
380095317
3079746166
2039306146
2047346456
2480029627
2595615727
590544692
2596792377
292548518
3484112106
1186234038
2926364900
1146059543
223559621
3738150594
2007078622
2728758645
2450083130
4019895611
2988595827
1961692010
4278036299
2979857476
2710153256
2124756300
1561453778
2566607864
2779680365
2799426808
3747926395
1333432430
2613858775
376992393
4161684188
1734680295
2574731013
763850360
192057200
2814575281
2170000747
3528981784
1456810587
1513496162
1545082932
344377712
1543554325
846067938
3805855963
444899056
613548959
1875743334
3950892229
3730158760
3988376520
454581231
1007797247
123974071
3615169463
3572812094
314713009
4291884596
3739287535
3100155985
145876405
3398199277
2623411325
667695386
3618337654
1770563841
2029851243
3035983225
1952562414
3231363720
4078777192
31649810
2210147057
1790791627
2295413002
3368167912
4158674866
559645568
4273915035
834617865
2483165462
471808263
3756755190
3803742767
1198145864
1559598784
165136050
3506782045
3429207319
2578975669
629203645
2903472049
2915167988
3935780995
1051490775
1249964023
286565083
2182763114
1370286553
1774371903
2273068303
1699579053
4215788374
2300779990
2657963654
1527391908
4001048636
864574218
1501760879
2885936052
355219523
2416297555
3170781874
3554670219
309688068
2401904400
708951899
2642114756
1258969875
1174742141
330673182
4045094758
3756031652
1146184166
694495601
2302244259
2504356877
4186497621
155827890
1652773293
3661551533
1236417016
8235892
2891836061
1741049983
991717948
1024401515
4131445856
2982402408
3693837110
4009485550
2525266772
3043789016
1872990314
2426683984
2236000234
3513583175
3270785080
3517837915
620541659
1446275207
1518445022
3725774062
1339889856
466793560
1279816144
553560836
3747932039
38500506
3730814092
3389006670
1034908342
3023083168
3770564087
3086946967
3214517355
1691492020
3656993776
3135971618
2104839318
1574046440
1673248483
2130374186
2304078946
2770423223
1354791441
1842293951
4238111911
2337177796
1640465391
3000449902
1521601273
3703004522
530154863
3706652604
2946267042
1779787761
628603485
1391508152
2019763233
2125819449
3874933854
1323106579
3246807700
1966042689
4091419258
2072189035
2010044834
643744586
3995745566
308134297
1101472304
1042857297
250934583
878591976
644343417
2830988651
1879746822
3824362839
3380185068
4269587539
2169469116
2968253857
3347070014
2993594583
1191957462
3180994955
2607315314
2624211477
3456113889
655673087
2420759790
2346668539
3577727595
3483493000
160271165
166511867
3070589293
4119341206
3039325262
2151219658
1350921151
4288082253
42456051
127981097
9589129
1386704409
3262547112
763241499
2579987803
2157656178
4116911782
3123623931
