4068946069
3180501408
1675348576
2915259466
2779908911
166939804
2219113262
2854692649
1685345424
1708799369
2263263412
3865791084
571658495
2605798654
353404170
3743345911
944366296
1007611458
3374280663
2042051146
2024525511
2011135925
2397718773
3826825426
1280890745
2213537460
244934822
1669516623
1543536128
2035258434
1076137318
2555398261
2675467922
3755240813
1380072986
3986205817
4122116338
1029485115
1752543595
3709778531
1816087642
1456735933
3050177818
3510564592
3081792655
2114130408
3456858533
3612773867
691039917
1626461816
3240217303
1255139371
2519047096
1877432626
592562994
1056771348
22991618
3566975281
3505305099
2376333836
2625770936
3483150842
2718242386
588532662
1427585185
3364650206
2791023490
1248427180
2877709465
1393212970
3966888417
3772981489
1021595799
1819297466
1315528797
263221436
2795995395
3675831048
3844692726
1329219618
3459158555
3597653694
2357282594
13872155
35304246
2908117093
3136587475
1150573746
1949982757
4245602367
3677385179
2943602592
3356224382
3955112792
586838294
1954025729
1786953394
1340586461
3513501905
2696961156
1053026253
3617402202
3198768532
1847792154
3777771008
1138872914
44936163
3597330311
214687948
85640927
2172583057
1057737378
1104332870
495718517
2390010221
3876051479
962083580
516456301
791274753
2670149451
1054100316
3600700190
1420078813
1541016735
1766949988
696934857
108068536
2543166457
3691365052
1239140873
632146802
2605419778
2949604177
3820349184
4252132691
3317593299
2007462209
3848424936
196495377
2560628801
2724071678
1751063578
3843504519
3585639386
1177013105
3584563900
2600758103
1342230503
916111899
3389116656
187476138
2901736018
290666156
2658465839
183156505
1120589245
1803678776
1855783846
3457238277
1082958730
260270951
1453917380
1928723990
1543002554
242433188
4081342805
318641064
2881667010
773484443
2831522281
526628020
4228830980
1896619751
1512167836
2474857539
1869486793
1487206789
784731611
2418750939
1466010261
1539786571
3705244125
3519485521
1761356464
3297420376
400072878
1650126262
2591157546
4135997229
3650250280
1683028614
182071276
858146039
644766042
3916990536
2129738397
2387655281
907203524
1812267469
852974029
3239595250
2099859774
1819117087
234784537
3605689781
1793278746
4012106331
3378814026
15682722
1712348678
1685083136
507160034
3620384191
3741090463
834882403
3419048217
1113393827
1180442390
797789655
3064752851
1095735855
1908324911
3066659977
1775637915
1946744171
4221472446
2490889330
956499994
1998765653
3897801860
3459104181
3343591394
1872524331
955943709
3881363676
2616307832
2514840909
3078132031
1137832787
1091086974
4026466316
4180638080
824703455
4346777
1441883166
463012866
2031586048
159596951
2709618844
1760451538
501980487
2936315549
2303805364
168434577
2006085144
3966861335
1521670971
2049444806
1649060449
1996693023
426715370
3942090609
1840780105
1904482518
733021155
3591366225
2294474766
2072598921
4094229921
1937373942
1794168736
3939175128
3719892538
2105678168
2228931641
2048644043
2583544608
2485786528
2692497607
2633062036
4023667314
1296869788
632951182
3466730394
1673918515
682302937
3461640829
3279909734
113821739
1960309504
3990772583
376725021
2502042121
3875110962
3576281103
1588179986
2754657682
1225374773
1384148847
2935365393
3658244321
1871513125
966241861
3808501353
205001167
3572334171
2755011378
3243796679
495443309
201331167
479475959
1217526181
2667185283
1659124287
927981669
3595506583
2309008096
2319293976
1230077355
2139426346
2586313306
3864582024
1836533087
3685059250
898112619
455745763
3071476399
3465011761
1997895972
3524625421
1943969163
4248298086
1705986811
1762004547
706114654
3820625316
1316131923
2458318755
1732669003
499355582
1836090658
850142710
2780197372
914119475
742990864
1472210611
88174477
2563558067
612877894
42567004
543983487
3104043534
4256013217
3303396637
3481330819
1712623703
353380474
2014592457
1294460542
4290540527
326007818
449484821
1387379094
3319425952
3153345354
536619535
4153164245
3699467699
1203855585
2464421505
1283896253
3798297085
1926885046
2075264367
2674517166
1797212137
573572291
1458655305
2892612957
2713534592
3553230709
2841925363
2726085574
1462046105
3675187422
2951307978
4084160894
3255697505
1664935410
174456274
3170699575
530323332
2436183822
272317828
2099528863
3999255166
1805747031
3182594331
3658457164
1741792142
955177631
1130640884
3344307949
672566174
1896642465
4169522738
2067145096
2115027831
3461813136
2003045854
1156216451
1959464991
1546901420
2616710963
4268856134
292397964
3138568892
524972226
423100802
3498588176
2745891878
1982134979
2839800895
1370483361
2576641797
3212989690
2605407197
3370973731
3219976964
3075778486
3402072327
4111088157
3887277679
321800611
1130869574
2096939067
1636996079
263802064
3135086626
2015733469
2316940256
3799280174
1867174057
455753627
2816466612
2402382206
2161446357
1964384505
1741917646
1875010529
1069761696
783886705
1660556228
2636772968
1026677979
782482380
590460537
3505392696
161388262
1454740157
2924847906
1314432806
2657987216
2657622286
2358167907
1777260356
2782048579
422164478
3926450769
3248434271
1320766165
3075391683
3302255146
2021950479
4085299997
2260307591
2344521433
1099706160
2715972794
3811798437
61237659
200115009
2099376221
3046855297
2515214978
3922369999
3504667564
2479559994
1932050827
3279315419
3599001276
3531500106
3809059619
1765761537
3506329420
442300433
3069570060
3173686747
16450275
2464831382
4124828383
3224234798
1260092882
744930249
199187888
2676812313
2933879283
2985027434
1490083104
3623613478
232873417
4197256533
1121257203
3681640495
58846906
3177486203
4046760289
2287180654
4055395298
2151390369
129344113
912339880
957756068
1864293663
2072972139
2027141170
2048476622
2104279040
68669036
2771357226
1312831776
1889337324
30480274
2521226198
4191752610
1542757064
754791271
3658627159
1189513071
863564106
2848127382
198736385
2141866646
1609957601
2415392080
2098523779
936658305
92493682
858128335
3327043878
4023891825
3409296565
2319296141
2402422229
2094158300
1096194
2092371428
3039859605
741386139
2866610514
1943485699
505326932
2846120728
1401792917
3535927013
2915217673
937910260
3841536455
4063684833
3128961822
1882403312
3354809943
195754686
2175239632
239557271
327410943
2337807689
1408177247
256307595
3773922185
336921174
3174162079
4284488982
3817873468
4143456675
1315305723
1042046642
2854416745
586321177
1924217739
935186318
2394147302
3633207658
2794486749
1629858030
2219410457
1396572247
503739093
1190966020
3415486923
1291394728
4052326213
1071889565
1269494476
568238355
465546006
1203217103
3384502803
1776939328
3942949759
2314254373
204702694
253041462
1416785032
654994379
3713539167
3775453775
4194585198
2897283772
1271113801
639773598
216081686
1416396590
2902125778
3413977987
2032616525
1609457308
275784720
3869791934
3096222861
2344045990
839188709
210233485
2002899474
4190643962
2176340118
218855321
3338864606
2439372197
1757595964
2295268948
4233124102
486067827
3437112953
3722589312
1108444774
2751907216
2364517376
2033855459
2877475910
1102564784
873588141
2902746202
2451730160
4182846581
1641963623
3071245221
1367557978
505740240
1706376609
984302708
2268727914
1280251596
1386189967
1816971488
2335659365
376426960
2501785881
3915915924
3716968651
3949351447
829935918
3061483790
3599578501
3043499235
1660911581
3126735466
1344980777
187727055
1240466924
1989357389
2021479897
3948341834
173757478
2952887370
2993547002
1088691993
1919253468
2679536682
484919864
872646927
1272569738
1358541941
4133520600
3891401836
2072401196
945520692
2808303049
1149407640
2354414815
2942011039
2427365953
1267722556
1805801311
2199553863
1005772991
3342749240
2225645769
1280127608
1999683438
1329191531
3510396386
3697633107
4121321982
995100011
2433064439
1095502926
63754867
1182972403
480561729
3496448069
3835274448
336719064
2544171119
2036136081
3177662546
3591218918
1243085513
1990004567
335035143
2230771107
2054671781
3097347153
2369581989
1456890901
3150415228
4268798031
1012071828
3572783041
3574141393
2255118022
3906528896
2752331232
251230703
698911756
704478473
1239109348
2755348874
818518622
3541909172
2734237800
2073083122
2856749089
3262413776
2948628490
4253919634
2205803584
3433938965
1316580034
4053841370
4200322697
900545217
3552485294
692722302
1017947070
1393223612
4214120524
3244241613
1417351042
3561431846
1614474856
1219640150
3425185780
4067432856
3214436483
4231031158
27610828
1096846029
2377756241
4194007312
946768962
1373823376
1583266821
135426055
4045755303
897944874
674912073
3395338482
3734359732
3540921337
1310686625
1725831653
3719561464
1936202536
2148891967
3776319794
3660596465
1895989549
1058208046
150201534
4136851169
4177443729
2023724439
3562524375
4224317923
1186639789
3799103463
1606157953
2104376685
3731026575
561008022
3112566643
2034093067
846219488
1602326060
270630267
3332504550
603145055
3420136044
3064813392
3636252223
2283548358
3374953652
2056591719
3306826593
15281411
2853545809
2756519234
193312990
2536762345
267994456
873924205
4064806755
395892042
51318920
1612733213
30236180
3084742887
253527576
2117371748
897479627
2748441831
4162480819
2583698611
2171803539
4080300105
776739348
135031905
3373116744
1992222445
4223626926
1264656138
261799594
1091061491
500069678
843916641
3489770751
2750724858
4192524383
2255119148
1809289999
1492018153
3616325708
505066084
3513053538
3668215127
633628336
955784993
1396318183
894806707
2699217229
1563819467
810104589
1087621554
2067832389
3418017203
3444686267
1733055929
2194448406
420855580
37687633
1982308184
2779940179
2971590969
4193523688
2913729248
1209153875
1260961107
2103868637
1289322102
3901010997
303611876
1092897212
3240150925
1227119595
2653168548
3804327940
4252472733
920209187
2665546823
3120548549
183494183
1437049567
1280484259
3083317877
3260512998
2650340670
2520373126
348428750
844924156
3821491860
1199268120
3124685821
84471587
1978327734
120126628
3172928201
833372038
1694940328
2904764805
2509993693
308187241
1682727304
1308995090
1826521157
3621875024
2801079651
3043989810
2529842792
407622930
1480094641
620074995
3768568523
2097286110
1936061939
4239221406
1329299887
3569791622
1527578661
2360284965
3496502863
797960803
1420260538
2801518210
4171210280
1994594922
1946172037
1428425880
3657647467
2839686393
1878302714
1105616015
2967627326
2883088740
1164345152
1501109295
616250454
4002691551
3966413319
150089508
4153394184
2644052363
1198168825
3534219717
1142653544
4161708478
471736770
1795469980
1902160271
4103244777
1644880346
2164275285
695932702
1708022611
2564189279
1657846132
12657688
130991901
3066347470
1914056803
2966475478
2284440546
785804813
2557528746
3255010605
3050838910
1983732127
4266870233
2734334117
3400564543
125746298
3007863951
987970963
963113177
1742946201
531640633
551781959
3207376990
2960209720
1365983043
