1996101779
741450665
2074611410
3336844914
3783064970
2352786808
1234746369
42841217
3159837155
2822217350
3360370968
3135738086
2212257321
4222548560
53152645
1568381286
789123809
2126662909
4196384208
2575551069
1708395139
3849861800
3719383700
465125639
254846456
519873216
1533533773
2414776931
4042867089
3797813689
756241690
88250936
2320692224
2946090087
1306745713
1997952716
148328761
939673060
2845921616
1956684869
730766445
3855161750
1772473868
1102066957
4123554830
920879349
308682780
3703238664
3332685429
140970379
942112276
3045838902
2712632608
4064144844
2490685079
3992854541
1113002650
1510466586
3032571819
4094338549
1998456263
3384142378
794424551
4113199477
2418982761
3979441250
2714443119
4238423494
1556803152
2814168290
1694222676
1573043828
2443975701
1039543106
213352969
3769502320
592672101
1659373811
2330887806
617093292
1963442528
4052325431
527810543
1288718333
334864791
870832675
485139039
412818426
3218454439
2491485642
581250473
2049797248
3301621855
3975350617
2850481204
1324470973
1942782472
782236153
2257979071
3823521110
4055287991
4267301600
946387546
3034839246
2247538217
2599611192
1847333215
1040895988
1275243844
2084603306
3785240687
3027620844
566006318
3410371080
3737532893
2213012893
2580588417
3742958391
964965848
3407468674
592588554
2775558064
2668132015
3389650306
1681917905
1014605888
3666770898
30853275
4275709310
2292406369
3536555196
1722759769
4012099933
364873800
3818302975
1162878282
3856331846
1813382522
2404083752
2280460531
71360574
772115985
1562333484
2966054546
454249995
54605787
895129517
4276874983
2716342821
2970481995
1842382388
390417038
2880290137
2059997491
281730395
1442401718
2457156246
868954966
1633121906
2418939849
3677957511
1676695368
920069292
1233785387
100440903
3462471842
1137001433
757374619
2818636467
1542859391
1435350255
2512773284
2092471960
248281854
2056091789
73955622
4231271808
4145199987
2973858776
2969823856
1807603599
3976132611
3024516775
3073207250
3135094738
324142860
2477807105
3591939704
3607463165
1475299581
2609615362
617719448
1877226693
396854686
1768968940
714273451
1106625840
121981592
2731737693
3262433892
3853026584
2079213385
2754929830
186808671
2175344177
308047169
4161736940
200001556
956895579
3776697195
48862026
3792023125
932881456
937519758
1533451194
1257425845
3315201636
940594500
969698787
2963188441
838977421
3609646277
2565168914
3822477163
41566948
1704660946
3668753903
459971473
3061517213
238923525
2309459215
1954290768
1650338696
2320823805
4043098069
2628097857
1491624057
3124298605
1876652941
1917308497
28304080
3984316836
3463987217
1041680329
1751243935
2749752763
1991488776
1283752161
2380172782
3517383229
128212332
1023612978
1189534362
4072462165
1426885801
518417009
301026221
1567888230
3462340078
891012674
2411786804
1614765258
4088525394
2754123214
2914585432
3843122680
2031819902
3563096368
3979738330
1395136478
1601160603
1166247557
1944404486
2288249955
1621826292
1355575463
3072352200
2291164225
3144301965
3802070315
106468831
1695368798
2384175883
1993075830
109791816
911850049
239882594
3708750935
1265370637
1965957161
2044384074
1782976688
2380831047
2144265
2517025603
3220086351
44466489
442157287
1010654775
1423283009
791079841
1513115767
3416586141
142962047
3930089584
1779092785
2448956712
457268709
3089818590
595933127
3149955476
543649842
1035685454
3000207709
90239477
2807198530
2759220947
2136771618
2653230163
1579548255
3551165117
3585513646
18663222
3388092012
757987784
4104827281
3970843503
1305927898
995146173
2072803394
530365371
3526533724
1887153107
2794768761
779035270
3189899531
3194245825
1484442895
1567507920
2254358977
3455016903
280587636
2892110006
1350224415
1650702361
162687646
841488325
31680052
426603874
854207030
1605521594
770848913
3130080945
2873335665
857273400
1899242519
4194515555
3659448647
3655578496
2707200222
247223682
2031026812
1453945964
522703040
209586848
4124118704
648521016
3885542236
3538130803
1795599035
1713340120
1477263921
4217839787
4148874216
1236456949
1507408202
166253887
2064883983
1142347735
2880274982
333687019
3291900909
858472874
719750689
4291317502
3162091044
600592258
1281788459
2783899388
1126962277
586053170
669926776
1623345463
4098222892
686583723
3382397124
3258480487
3269046955
1145583635
596828254
173161838
475183863
458646968
1462319709
2472170358
2524412366
2965399741
758926353
2061549128
1235936014
93818925
3534362011
3880429780
4202521293
1464252469
980716800
2304480823
2694276335
2970119567
3391926926
3841253398
1307828637
2164820651
3529361291
1298669153
1161357589
3312383507
2984119013
2215227035
2251646841
1163085483
433511105
1613088046
2289610088
3601236188
346157928
3663059058
1606078019
3833583313
3293623843
1450871486
805206187
3198409444
3447135028
2630763768
3573012551
4245836115
627503651
2925491094
3856599696
1644021094
4044471979
923481258
3654904574
2284423936
1323259097
1480456239
3354461998
4132932566
3237083532
3676859146
1975263459
241080518
3275033751
1892889700
3747276725
3608611838
734236446
1296077297
1568166760
1767639987
1167046677
516124121
1022694984
3895103150
946117455
2969383812
3341395963
3760184520
3718552610
399254364
3155016514
2969936680
1317673441
276106538
3180203420
3905638411
2893821691
1782845856
3865324788
3891836566
2224033480
904972962
3547559727
1580457865
806128034
379451739
735649684
3761017595
2223140526
1588328511
281732850
2569135639
3344379047
2380064885
1393120372
2697345320
2317270216
3072796029
1212610042
3986909258
810646853
2705322860
1043170007
3792167365
1318772893
2823106152
2372020647
3565483347
1449335839
3846809812
3206907385
866884251
4081750272
1051004312
1557558149
1884430960
3031767767
3760999353
1406812990
877485825
3529694126
1076040169
611669889
1228514162
1458958058
2444808421
1853238192
2740595289
2465938510
2590943279
2837960053
2855239725
2006831552
1611894067
37160050
3984513637
2191088106
3133417261
3807353324
3244657749
188086728
3840548223
2200998752
2175654973
1853186287
917646385
3496852249
1210686820
3712735549
3224622143
3709693296
3755324257
609971958
285554314
2890927924
1282284960
374413969
3631491622
4024505219
779223495
2737943124
4024771847
609704494
3940093283
2365875160
186997067
504469264
1558701094
2184648036
1614852934
881448882
2614236565
2881488591
902633809
3013553757
3398409968
1648106790
3861530432
3965672320
1068484140
3306947460
2446267096
1210682877
3887626542
1151366626
3272348889
3398831803
2275948668
1471620409
2184443865
3307801356
2892553697
2501258413
3416480966
1288800671
712712959
3852813943
154535727
1453416888
1756246634
348653507
1429750828
3337344346
11415274
13950037
580403648
372458931
4038413483
677311365
836412155
1482266650
2420823856
2296122888
4116559633
4170191673
2451524177
4184269632
1413206550
2061570854
1493691207
412942204
2560925951
3719980975
2603572787
1392405481
4137787985
2932952731
4005155203
396128432
1788157457
1026278284
2853859909
1422185771
2018913956
2113313868
3938468097
792825057
3035689122
3299053506
4215206175
1265625335
1950966039
3047654855
1339891921
3584947384
74720544
1505693853
1407159687
3158364152
3218275440
116887581
2395140102
1708935198
2842122886
1997796401
4228319119
2190067260
4071304529
78000686
1473976204
8605957
2359687763
119220182
1921751355
2094483480
3677767682
1368379455
2066271516
3337725971
3087961862
1973607590
3616208510
3652124930
961078627
1984621888
682346565
2269297768
2346722346
2770750934
1730058602
4249105200
3359253730
2416263110
948018764
2119059908
2673761342
1218873951
1234387894
2966729924
3499693367
340469725
3379939908
2665283164
2061134317
835401764
2657838012
2529778785
2100974818
197764713
3162037939
2549740640
2780604261
2493095327
4089277831
1803554855
3297018942
3292478792
63483870
1163429173
381790956
4089226215
2274951705
3558167133
1277131799
3601793074
1614201080
527049644
2460423394
1998187765
45047906
3538511059
3588800856
2904353555
104496377
3955445540
2682128761
2571856710
2760652425
3208985601
93129223
2071216972
3266507516
3726202256
3592413389
1519800936
1096268370
474712500
1860428526
3831690641
385687763
3085813735
3456490069
2178728852
176229738
1529387378
3187070950
2708108357
2793784600
1366310693
3718863625
2397937331
329052797
2188785736
3036114577
1804228305
3852728705
3851147064
3621204364
2084889610
3880085528
3820650806
2434554229
548730807
3638773842
617706168
3165211133
2638043902
3279192821
1142771662
1274643145
3243935642
1762516249
3073700276
2922199834
2453900923
2357799008
3622539477
4160124830
2763037029
889880962
1129399942
2983125979
1714320319
3711519400
1433870397
1998302482
2406322967
1830465728
4131643937
1260064614
1162997061
3308887759
4166389358
4031534416
2394178976
926050848
102177569
1452587737
3543869337
1191632072
879398054
4173058967
4014317755
3838859010
752299873
2431020060
3836620285
246836393
3743193738
471767133
4101239016
4068751703
2317455714
1024501322
3363819733
1095142855
1085893782
116895705
4212364225
4072094971
1966184622
1157568322
3340479583
4079315188
2804682178
328420230
91800103
3918323999
3247227392
460212946
1634493266
2027514336
1337187916
3239133693
1864002140
659596809
2242668306
1153362992
698890403
2265245394
884487337
2698834927
3401058050
2097263422
2680790181
3915698490
2829322003
1390816726
814776595
257116269
278077800
1885190689
2091023692
1269348920
1315656953
733732822
4100656740
78347213
249079335
4144042355
859795314
2494048305
2511774871
1594116041
1341527675
1521721659
3940729117
1260485449
3347562060
1330222497
99830895
1175232923
2039817146
3792801108
3997198399
4215779675
1732466639
1918373480
1976255448
3620614798
3165190654
1048748767
547298496
1489068572
1344714573
3001422090
3236713447
901794591
1294857009
2747646426
2515262600
3515790785
2233607651
269355665
2946775353
152375816
2544458138
844404281
4077854510
657994596
2542530872
2491434634
3069822031
510419514
4022114346
2920035164
390730711
187054962
6481781
2819735538
1451450704
3080089793
3665634626
1824701691
2440317493
2036249024
1032929029
2241471664
1993256065
1323622337
3409991265
1994205883
882919356
3047626022
2474608611
1270868361
2572055457
4012390358
1097258036
2091738721
2990818781
1658163993
4036926419
1622787841
117269538
1949270880
151999646
1706039728
1540017510
1958256424
1687115207
3864082205
306201090
1417190217
4052505543
2563327782
379077096
3934627840
2881795199
2551724755
1122144515
672341627
3625014941
1608413063
3679213870
1749914570
2191732357
4198722552
4092953290
3857591298
4138024255
140145821
273930296
3515625274
3374428957
2815730341
188638812
1957046993
1843685404
3016495545
267170509
3172543923
3527285515
1480255950
288357592
1389650241
4235270752
1379156327
1625221612
3731988445
1188103796
1491410615
1492567538
416370423
1956809448
1887585775
3825225541
4115750418
3116452256
