2694049712
2886080752
461062215
8906996
4265248323
2454564369
2690655333
4185104193
3504535347
1242129091
3880375024
2084262084
357927790
2305763679
3010967089
1014907515
123346862
2783771257
2130489298
4023577144
1637682780
2381974944
3653211017
226348739
3736318617
3474533855
902641449
1582425578
2322493162
3461729707
1221694820
3132907149
277369917
1721224118
3348029818
190549176
866861692
1115936175
1008314124
2935639967
3147129771
4035750040
3457056467
1596621925
1908596416
32104187
1800396466
2693654869
522240904
2340494029
1215493201
2526364662
208040055
2320850558
2053811476
1739218966
421599408
3613295998
2398610829
2612317637
836185610
362320105
3508995785
3248908761
331400117
2453498040
175639454
1395744603
3289800700
3426607484
1063102986
4051607482
83994608
1286777586
1335044592
2656928206
2831188665
2548858670
4219425658
1183817316
2301144547
295819545
2429868300
447003143
2069353200
924424660
2789893065
3097426285
2066034993
127392331
3757817837
3823214472
112361451
3020869497
1784703174
1765104910
3675092269
786867112
1400866376
2881723382
19201991
1655496857
1535616338
4055328857
213463292
3907616169
1246939319
4173387277
2496148378
2525185932
2165310208
3142433612
3851010847
2946479501
1454753295
2475081181
914581580
670889189
3679900462
2973379363
812215121
98646123
945691482
3001358357
1496156049
1975702905
3695630392
4058686649
2745148120
424876271
3578827580
4285061111
3534007054
78950465
4162053647
362120519
3402169095
2366093885
2349385743
286805800
2950865302
3971932617
2660701423
3453197386
1820562140
936936919
4140566599
3576943042
960474090
1192026257
3912329873
1560625844
2356935186
1874834892
2946800727
167021283
130323483
131828833
3631261148
1909340897
3178110781
2695662310
546862517
1084541903
326949434
1671754562
3812894351
555219733
835112406
3467746545
2691493813
2199243071
2687080869
238048096
606867392
2127198615
2480649017
762409909
1150575158
1977644584
287925080
587446030
262158790
917211968
2451766959
2442702311
4207706552
3042687874
1091646911
2398622510
3549526534
2866801791
1125935015
3310285789
260947020
2237468380
845230522
471831562
4267813044
2795225794
3256870809
4073216963
3155755505
658450350
2811427117
2099697672
2215620937
3225294632
257502262
370483258
511266848
2394743277
3809301384
188826405
841602077
3445469604
3530603887
1355206594
3088191383
2527794205
4073028364
3272060498
1550738937
783257620
2151173158
253319986
4229087126
189119381
3093223359
283378002
499662834
1932051580
2931661773
4064913722
424158732
1431908119
1331406984
2449409629
3175212929
2445763686
475028945
329128019
2406822001
206870640
3119650436
4190479488
2419257954
1356355973
488532746
2747110776
303430739
207227670
1821010987
657898712
280200543
1760961767
1654546622
246798257
1093131273
3432454279
2152006682
2515078220
3777335670
2635355262
3862112976
3549636253
1604155744
2270203695
3297380796
1272968424
2223351088
1053165417
3295088992
1322034453
1066103844
3127080407
923557634
1647283477
13793087
3015331540
2247205433
3718356351
71776292
3822330
3717358706
1164513978
1851746594
2682902533
2165700711
1371803128
430075078
4259398428
24706544
369124623
1149938010
928524883
4228033259
3459134090
1599526405
3366109920
445397581
670345084
2666753525
387119948
1810115901
3556122348
1596674724
1870731882
2326399676
2814623191
2895939464
3347794387
3939056700
2944881189
3616916149
1005437622
4002227459
4107413735
1741025587
4233674783
2733236482
1282574892
647703633
4176357305
3858634737
3414439660
3219608725
3648537411
2879322274
2842534348
3562693553
3708255010
166563281
3755480030
2665464308
2010852971
3078335250
3324841602
2988217826
2774578302
330108752
2179927664
2770047001
1423608837
2259372110
1621515672
1850748810
1724440937
3265393878
2667626177
2514464131
1297237690
198975817
2537607258
524065249
780856034
3682408028
1042584724
596349319
3137131530
1525839021
3296588985
3241386761
3575805167
2658740544
3032366381
3241499536
1769800989
2869341573
2209878420
2461757321
430998046
2849702705
1597652049
2468946676
3814755042
1024871097
1077446834
1055070798
3455840649
2894536893
4263059992
2122807074
2391629461
2096865956
2757411565
2862408107
1707234527
1952690192
3160926694
2815542988
2530522472
1261495942
138543655
4197939041
1928154273
2720329161
2432189721
3318377378
1687471624
3016834393
1881773158
1847940681
697092759
941883896
2105444345
2733660683
1037485530
3080225213
2854278211
3184780477
1766039251
1675338590
1103873185
1829928479
3404509698
4285925826
605557800
2172025815
16420093
575526538
2934650899
1712835130
3944700334
3938500247
1281929916
3829601383
917366557
4015520992
529052286
1839561459
4100060806
753258743
3818534824
3164346662
1424712343
3897625773
1753837162
3839126963
748000563
2005740214
3415745339
3379674181
2219464259
3334648107
2744188596
2673068293
4205805182
721034073
1094248784
446591535
3956657351
1032394061
3881658589
3619750126
2207880269
458889734
1784339311
2473563260
1047915421
1413051518
994792987
2559860072
172557505
291150733
1552571026
2376555276
3776410661
1677899575
1610959722
3574180020
1343593264
1560180456
4187530925
2853527443
1864862727
2276216411
3825538632
1392371619
3783791424
2803227130
1285015230
3749911082
605753203
1232985002
4240870107
3141830765
1618399889
685759348
2025613301
612527227
2636820477
3554429490
2804376108
2024274879
322986564
2599788032
3585246867
3121217190
2514727009
3609808046
1699755409
2627093055
322853110
2500939760
3477820759
3795005718
2598989872
4224719777
4108493423
2112175415
237337412
1137122861
250297929
1478695675
3810566174
1006107967
1508702693
4026955767
584833045
3822515001
1138690700
2049453981
3678762685
3736798248
1730118208
3623491334
2674912976
3008850727
1661031835
1547903443
3010733778
1163795227
3256396121
794874758
3088478267
1114515657
1541943694
3544543862
2579071902
1393108323
3305095517
3338595975
3453848529
1881077634
2165558349
4052297266
3191791122
3944415661
2162000143
145018860
4173635961
2834022960
2277987197
2162817271
2817041232
1045961078
969468783
3008919564
1454089014
2702139964
2126721430
1548417282
2939523499
3358448444
2422988146
1686379598
1053894286
959392868
2186940123
483322040
3425759358
1179082396
4043677081
2123867493
2677165496
563792764
2230644955
1497405254
4039922754
3838159371
377979806
2769977073
2235266717
2312498705
3509917613
2651080496
577574955
2594237312
1036305739
3205782338
1700454502
3141806005
3564391882
4227617576
1776609862
1984784859
3816411393
748525759
659323492
3184145675
2662229252
1018724102
3492282990
901939305
1593766406
3183441835
800654708
1816297883
4157477670
3385713572
3054686919
2071687605
2661436742
455508746
2791859102
2645433610
1234221910
2234338058
1563193175
237515221
3603530168
3256653906
4001344860
1901541578
2740715586
3705134203
2194729462
97171862
3634206160
1786802074
4055184089
921028662
942064047
1830880898
3604195195
2551979086
2540490541
3689926090
4177041066
3436845997
72680760
42768892
4050876631
479063467
3873905673
3386173489
3544092741
3413215801
733434111
1037917672
3689840109
2755492406
3298320048
2963535375
3401657603
3283131888
217452203
3979292258
886527024
229464619
1449992790
2333495096
4066322496
3229811445
3252339473
3032593201
3756019189
1518266434
1903577140
729399476
2439173859
2923645078
1053532933
473830778
3062335800
1432374003
2323279441
1018149095
2939126424
2095958892
2945524907
3420876431
393000436
366989193
2598107672
4160789208
3052953324
2752707094
1789011301
3190889629
3429913266
2573691737
3432192422
1119256886
67732772
848000678
3251691713
1325890456
9713142
2891025397
4011438402
2352805803
3450177028
1476110415
254162752
830558357
1719858052
360652365
1056958161
1084501369
1104228989
1523459854
2144373960
3678250674
1011208369
3024566646
2859513377
2859443204
749500624
343796731
743110470
1121925737
4046232241
3255117486
3892739900
2124754346
429279009
1540294774
113439794
1575405399
407195633
530307445
112871574
2610768427
422830951
2455288125
157316110
1591131055
3316654351
1986730596
2143545463
3904572743
2223182215
3705009579
1421354302
4086849299
260808970
118196916
2168380357
712119889
1284229243
760222542
2430965948
308757901
2429661340
2238868913
4071147180
3134647339
1462580765
1369688384
3545233483
2992561111
2340177466
662469208
3200688179
1136602880
500666154
4105598038
481148905
3557985068
3573564759
367117656
1210889589
4219549895
3382551690
2079866903
1606170940
2180910001
2203187883
2716195326
2260844701
2465962461
2377769332
3214904028
3002455847
3669660737
850014439
1523896527
4105161108
1308755022
494932493
285499335
1157307910
2585102274
2524092068
922019791
3568879872
3218929367
2633246558
3011979533
2668500227
3262397289
3579445573
2813220458
3964435419
2296276218
1010817254
3554566913
1603381855
1426308345
1546720597
1484589495
3165048937
3984783540
2352385429
162171031
4245031064
2359168274
3677809080
5571917
3480881622
1972212903
1706541866
3088680993
2607409840
4031373525
2711308859
655003076
3059713306
3882983586
2915802322
3985703362
1139707488
4154409692
2928571469
1959009047
689039185
560988136
4211952017
1277118672
3183738554
1372621675
2926455341
1112188768
2029680014
1093352704
1756480302
3697414760
3562941506
2650684446
1752039193
360601535
563481122
4195071515
3590081834
2259230857
167684003
1889299130
2745656649
1401329567
1754789831
3723829369
1225724968
2384259627
4167312894
4169037616
2885875374
851040699
2539966001
1852388616
2239876238
3085518344
2156999563
1117368364
2116233696
3943598674
1676616532
284995981
2331273672
1476367719
840824265
1450768252
466229547
4182633182
818061382
4270778034
2536611874
2393338961
3560717112
4054934278
3090752788
3973586590
3475545802
833262402
3973147029
2638283242
3512676958
3624390036
2029863961
2274817876
1939297749
2961618213
2879505825
802535409
4270107902
486567712
586264800
2702565114
2615876575
3905890339
4289774794
3508249708
3190986627
3457410852
1685194768
1825772926
2790100983
3278034621
3735971998
914592427
1452904661
1564937818
2898163420
2653462591
4134213102
2241809392
2056967333
1726183229
3732412429
4118985985
570323212
137811287
2149316141
415857742
3815407887
3483309931
1582990702
1838889792
2075822083
3619827116
3322064981
1423179800
2913100442
1072141276
2412733015
179751006
1474697363
923666328
4240437575
4069901713
4043089723
1559745035
2028395488
1775748544
1089762468
2394495345
2439067543
848972929
197078554
1220453587
3768586518
988343426
3531584864
3973722092
1856249564
3837582428
3567124267
1848410772
4165583805
1639006310
620246047
3154260944
1300192409
3569599663
1821961231
4125023416
1477482775
695660964
1964064918
3939020537
3960590306
2511913436
3868155910
2715769122
1247919533
1531796502
1753194641
1221645869
2338644094
125876772
1532917746
1583275048
3140083062
3714834876
756511252
826290644
516634373
3310076305
425217217
