167256501
186513843
3469757568
1906937218
1787411957
2748425969
716712781
268068174
4186789778
2909632559
1536054326
3933800453
2318339704
1490258899
289642883
1319402647
3878385037
270289918
2865393777
300272824
3587917084
4132706814
10581752
2351169426
1228156743
2682671983
862056945
401216169
3484395546
366227979
2591913549
3662763187
3505349790
246800570
557786130
1997904859
1355126483
2632487922
3334525156
4025991876
2175582249
1168979970
1306761894
74060358
2618812428
3364168702
2022916042
2867966256
2450805479
3676819819
4218222341
2736338270
3878255864
4165895370
2349434168
2909426669
2972495842
4043870500
757080974
1127766003
1152232586
3554752025
2845013417
3001673762
224858685
970947614
3457376303
640481742
1723549987
1085318207
3299349381
61772793
1199456374
1895908153
425095298
708131697
3800313326
3990990017
2863280276
2675957641
3344125849
216119665
3954444556
2375802170
4037765898
3831949156
2728939216
476560273
2798967803
3812621534
2036019329
4121438624
2577387289
1853716608
4254641937
4157010267
1573952004
3769380635
1559306638
2740072726
453183266
1259737748
1282010955
910821221
3283837631
1616816303
2014973403
1313482158
3630273879
3754607884
2270611734
2210145840
123618302
2148902127
1705327764
1657196978
2958343418
4280022962
726266287
3018088900
1214872224
4041954016
704535899
2976586098
2230592750
2759444890
3520539583
912141002
2350382682
350543232
3331340354
911495470
921852773
3747716998
3425514829
347016103
3767295292
843946687
1933869687
1114075086
3626750192
181393296
1053670052
698273211
530191093
4080942500
3236183186
1443313372
3990882299
951098959
1190595711
3535296806
2293613581
3579755541
1507423381
680748944
1871293236
3732559974
2786639461
275813777
2002130547
4091222962
2965874098
328950963
3264948630
1162331961
3447580371
4000667596
4013350005
1663027637
3817927446
3682347024
2719263273
1406608086
3378906049
1543987940
2189643384
3482334795
1964689776
2960939219
1232152736
821255134
2168077288
343824794
2442202687
3060623682
520891280
1664451092
656096399
4055194946
3321048987
3663293361
2310528225
36974410
2254426113
1711825419
3299575873
1651308057
3754435833
3429555623
4227601870
3959521789
1388128857
3885244647
4060252535
1297975691
1326295696
1114729515
1642952673
2672795778
1311081274
3932658618
3980253527
4240377814
3846166541
3696334547
2131162476
4241653032
2316408745
1849937395
2171739560
1973029113
3738777698
1350012653
1161040259
2315493930
1619326662
2530827949
674850153
4047249552
4072580594
3636192872
3538178575
2911529232
3792418445
207534870
660870776
1158922806
2683237672
3885666052
3550372502
1740743483
3421723049
3315517870
284719481
2954231115
1726909367
3571240587
3876338466
3350475736
99174051
3164368764
3634558257
1704802973
3433769791
1386173331
729798732
3519570449
3767255351
1583949817
1998640921
1052678572
132964919
2836876446
2066847410
1948426805
523957158
2379086988
3433253397
3109074841
2937184711
2445626100
3487885863
1733834977
3612722424
1815890122
779661791
3679348133
1701005910
1217817670
1550931770
2653541556
2065102150
731696755
2002187834
503010719
3328491057
2247790044
608789031
189337558
276505595
2084669777
2437533108
839945877
3551964326
1308544430
3539503879
708007398
672921992
3345644883
3716678882
2954755230
3841567555
2836441892
3125489648
946827664
854071901
4141601255
231708330
2599636864
3910787616
1550266196
1479457781
2595549606
2872724187
4196936972
2388694488
3778123498
64285578
3727745198
2105691116
2625267006
2031680339
3551933761
670759699
1679637604
416755771
3169169720
4056218445
385743737
3498098555
1778519760
3239624927
513721115
4034811289
2718507719
2846279456
3492487557
573997776
2562334472
38674379
2871462241
3987055994
2643868611
2668021173
3162789433
4093354813
1638177387
2920834077
4173835522
667385736
2552510579
1351336640
975370305
2708480483
565270227
3850312482
3495164462
799991046
4067720046
4096837077
1480270602
3093575977
3698171503
4094474887
4025016140
1907404549
4067272223
1197829479
3858221839
197652631
283342048
1405095532
2348654804
2883989135
2478427128
3165596599
1633409588
4139306677
3490222282
4134371043
95148924
1561787450
3566773725
351246493
4024483179
1917363059
1267667682
1916627277
3715991922
3043734270
889637277
1244560805
1914619466
457225271
2846513993
1886580563
594293359
2587718059
2908328712
4154558956
2819551358
554188558
2829578448
4090411765
1271813689
1893510267
2943640930
4147467110
1577785122
3097667184
475644491
421304313
3088223891
1759292519
904106016
1765575896
15595379
3169884991
1381305165
260967871
2805036233
1570569790
1702480092
2948643130
246518634
3592722099
2724226541
2480476113
4204575412
3959625573
1628607627
1612172820
1940610605
941613107
3089135090
1826776349
3823059948
513587529
1512835373
3440433347
949426970
4054291382
829504773
4165428395
2231645929
2360542645
1510666097
3295819531
3228024337
3310161359
1764885647
2851994836
2982348288
3556778149
1931744451
179492855
3817110983
3602856468
272747298
3095188161
92906668
3366998590
3058353817
2293328690
414903134
3841403018
1863210157
858200187
103523007
3517131206
1984805386
2851097013
1161841591
3766218551
3395892052
988953193
3511601295
1474039627
1666193559
1125807888
83832484
2473669511
1601059452
1074841293
493774212
2093192546
2045437419
4031407855
288808481
3976823117
1698473854
4196493279
2121704317
2199860378
645958142
852764851
2381854856
3497702815
921438200
2637334071
1141154227
770170671
1417751992
1413082800
1942129456
4027778096
3751498670
2171942675
399774299
32902649
3035540855
2649807092
1168287149
96260398
1392420201
782124628
3961156883
1985403023
4080703640
1804538043
2115629776
3646307223
3695612208
1530692399
1468076726
3933811891
2859406691
2442501944
277686052
2699370386
377735079
450362153
399740959
2840663092
464702823
4080270390
3655082285
443106288
3894593881
3870355858
1589791323
4086459760
2936076251
3296386239
2056999361
3279464085
2953755624
3096887097
419858847
1228289125
3224336990
86352171
1182300661
1906746930
2927629769
1036842165
1196453873
3766147366
3520491092
3154378132
2840141948
3262871422
829294513
1126920930
913655002
3695302275
2505069860
4264156119
3786724214
487019451
2353979658
2491707693
1403261566
3481843457
1876314285
761912041
1582986328
110645133
3506728159
144660467
334727447
2922562293
35454538
4227937261
531953762
347254664
594916727
3415726410
3524325755
748080461
380898580
867638441
254084961
2848540255
1334999028
1146795603
3164001389
874562763
2249855063
3037884539
511625147
1654790922
2823667914
1484592020
3347479175
198620547
3781563597
449909870
332596821
2068763763
3073195466
625214827
1355789938
3194383943
15239405
4033220736
3213988769
2388949009
1226034282
2501898824
1053078728
1038543936
2842774911
2890556501
373432366
1342360035
3624399143
3594706150
3291762288
905890014
396475935
251291271
2426839119
2881170581
2589661133
3751911547
2579837952
1019962681
1967266573
2713527821
608928483
554393914
2057240012
697817048
3323191206
277532983
1053395618
4113006471
3599867744
3494943487
1241957562
2357272720
1148595918
3238127078
310926302
2083838492
2030801225
2566745215
119877161
4174321296
2212314656
518134231
2135687511
2752757483
2888692163
2567155713
4138815983
3770216510
75535041
4236605431
3826597902
3183507136
919990026
2041580883
3249723490
1070516439
1277554696
644884164
2170814311
314307748
400766398
522359893
1752796316
3200984813
3595702720
1479614322
1037694803
3756921665
2320081813
1323984026
979234447
167855216
1606557392
222118184
2629273154
3299164640
4134198230
3959270865
3430219514
1780683450
2407407904
52553901
3780073385
2073287189
3542511557
230505547
232752945
1207744851
2507742648
3830464446
2879144384
1204445228
2240358811
1624312841
1910848242
239406514
3777438452
2005547087
703547796
2938949811
1662761794
3863220455
4281480946
427359369
3489639775
3794676339
1492975461
3099060931
1783599723
3502165984
3447220359
3454197831
2741138509
36205165
2186428046
1930503382
1124193018
469260218
3003406263
1594330999
3467163228
345254500
3931323123
1042159414
1001356330
1787869487
940476219
4130079135
618147544
3086282034
3772266169
1256551923
4131540686
2788373737
3989793355
1834154492
3451033188
3479656344
3964355720
575375910
2855774071
3771853981
1719518161
995859421
4268934589
2868845129
3040763505
2970803347
344087073
3691109052
2044783960
2485440470
4100358266
3077631219
603218673
3377179053
2402646301
2043252733
3727404874
1635577473
417509202
4280737135
436946014
4070790502
483615245
2986944128
39307216
2110075682
2495932695
3134026360
648782103
2114380543
13629657
1971680182
61692329
1368345769
2499808630
133439574
325309368
3339025473
569436932
600395980
830056666
1053540109
1911961093
260076668
1107944635
2925970711
2783109864
1410852781
2961383264
1673063295
4222092029
327527249
1087317466
2650173928
3564400190
1997913521
3071842807
2597232787
2004687031
3006280386
1025836189
3859208126
3439941754
2903344090
3201725873
1230569301
2807726621
1443515584
1803163985
1905647851
3145751823
3954028078
813427656
45963131
4263597321
2211669151
801353365
2477029359
2898791539
3140056556
3992953173
850526182
4070588547
1428287319
2506823419
2525668167
2975888539
2999732116
2367529587
2334968211
2196423863
3902997677
1716907576
137183439
1107309542
933437206
2103590385
1289429609
1091550936
3252270997
2508026109
1818739917
1075998624
747156498
907909583
2251297626
1011546917
1399337510
3341940033
1514340769
299234181
2253677857
3561334618
750033373
4053416903
349978006
880621167
3873052052
3471015892
4025271414
1982692603
422787023
2903138788
290622489
933702076
1467169237
3268365544
16100486
3099944960
512671949
467752312
2724262617
1083839504
1299840484
3137796033
2067406695
3243889103
137380289
2521238496
3040592561
691057074
1045190797
3384737151
2939643633
2664168335
960060017
3851767909
2646678122
4252449681
1626733547
238687499
3653842231
3700837285
3957984252
750977269
1177848509
1266370482
1284913273
3395698160
699960581
1825490803
3900190814
78930557
4141672672
4049156380
2863912790
782967861
3776135327
2842142029
1992867616
416618987
2330517203
2554111452
1423242207
2547508060
1550238004
3897415076
3997355450
4207146939
780471867
1236976194
3575501731
3384071491
1209199988
3588193136
1322422024
2323203110
3387752780
3207605964
3998596767
2752514705
3782332206
3610217769
2635216299
687174136
3546798946
3969117951
1050581045
2626430378
525572500
2377662672
3535133194
2840891608
691820266
3241264320
1466121707
2225836362
2682873372
4159935241
4030262166
3221162760
1171087039
1781932065
4267275100
119769112
216562275
784842885
2594029156
1256764576
387382925
2915792063
1227254979
3738091811
811268662
2513129549
1133429442
1202598399
3788495670
1025105115
3051546537
3564253200
686552424
1650070854
2164561557
715140582
1943832725
3763970254
