296270510
1722721562
3577656322
1521580188
1204286393
497714103
137853226
103981658
4046463849
3031451884
2492037572
2625770693
2257766276
1482685535
2129626641
205986261
3034485901
2820298433
669730824
2571417666
2966094770
2370750344
3148235573
1637556787
2778937436
1719496421
2921578374
83524921
561440892
1858742131
1104167893
61205163
4241641272
2877885999
2987601317
3723445850
1661035893
3672634985
3198771773
2246593173
1979520828
4184073912
341025347
4055410998
2597379297
2861605676
1528318033
3586789458
3424684967
729268111
2851023497
1218773434
3048588403
1674825500
3825596203
2044559933
3107741160
3967297698
3505530017
1347287269
152878080
3992967952
3259096899
822440179
3354629155
2398592199
2803348318
648952031
2145939339
3743099078
3572578813
3107392920
3369839620
3726646682
1975655245
2734940527
473610264
3909570012
1827226541
1007570423
176724754
1958622646
812821774
1003831237
2904803489
3920873912
2438704951
928298317
1876061202
304191532
1770905072
94151766
376094895
2620808534
2901503456
981701437
2792878200
3120459164
2189332279
628553120
3830672639
3140996720
1012392285
913974884
3189436392
3124279152
1720224384
3498660739
2711181771
377515397
1890974276
518251018
887814151
1516032257
2909075474
307953570
2658670208
3283867541
2915120374
3945318102
493031207
2790940806
1762795582
3435184214
1726593734
1616358473
2174294267
2083354670
3796686943
810989943
610379467
3187808
2626416127
2928937544
3733858578
1894226175
204661556
2651927753
700839672
2659377648
633702908
2144840369
788766887
2457896289
2736628871
1574243449
2824645662
4005852951
635560792
2659264624
3140572336
2806873737
315879450
2442468984
24862883
229814980
800295668
348989710
236963440
1551214584
707744304
1655111064
2929462785
2186902752
3373111655
1046198019
4115076437
2773224966
1121667212
1216225497
2614649517
2261086571
371938502
3049831155
3780905924
2548251878
1028060832
849557895
2487886469
4028367891
1612858597
2569268301
3586876095
2973517232
2374630366
2657225586
2535361080
3531563966
1414611696
3733054215
3494303901
1271694100
1417818887
2973730587
2526853136
1792087811
2184519628
2566345926
3578786061
1030527575
2147683777
1275214003
4270613998
1596122891
3895580518
75377034
4105823542
3713554069
85271354
2649035036
3025096191
804946452
4212610895
3613879240
2005867138
3100984746
1126705789
1831520003
3195487918
1456394648
3179974108
1516076198
2308564871
1933202739
3752002983
691405180
2551454201
4294281914
3918757638
4153098363
906318232
3466979026
245550425
1429946302
2267050190
606598287
2957403692
1329614605
3073725746
3209910677
799199796
1267239366
2463268407
4123220959
1362017719
3576287158
2664080632
2027679356
1510803242
1587253421
946150804
1003398297
4245575186
2554378832
1252624304
4124096733
3383338190
2938614184
1361356623
2074801351
2032285166
1013416901
130342969
427041110
4168664361
1594365258
2478727991
1785610232
266687643
222776400
2956645735
826660383
2977070062
1565388702
2749908419
2170602305
954396215
1353385717
142546791
4112784882
548984642
1052598814
1696438651
592055807
755590137
3536593267
1656495693
477499939
2670303792
1029235185
1422370819
1812838080
1967200798
573777086
2962099806
2663759354
1744336543
1301184801
204018048
3948275429
189386207
456586294
3667975380
3733828371
1175995711
1614306005
754500901
2189106943
1483494540
3432836010
2353246732
330806275
285989418
1152761350
2973469445
3087781559
1440676217
1352464603
1928718798
2463158432
3529847154
2814429250
389225359
736139441
418907489
140003960
460980032
2670715449
3033849743
201089391
1696158294
2501409000
2750361215
559479424
3261451202
109733498
957827957
1354131828
2206461965
3255014998
1761503485
2587445593
3510045772
391821670
3165281896
790629854
2979036936
153643643
3543334955
1787583290
2224823571
1553949194
3899655388
4197106214
2552920756
3483973653
1681192281
2993383127
3643826307
3961876166
2307746019
1669282305
3332958456
472701963
29315231
4030789562
3812097525
2740627080
3988393314
810441918
2108264976
2947933756
680020778
1932766555
4046650928
2202001590
2783941564
1845481744
1742762041
1703426055
2691101078
745250110
2060802080
3189763729
3786676537
3485352565
3529683552
3953654826
2181581551
1933254152
3952383014
297878416
1137395048
3181053372
3903153529
2594124738
3825624761
967578840
3205835325
1281160545
958955305
1529702404
1977877420
1193780175
4168298166
3240447939
1691541334
391095246
4279321774
4171296109
1644812203
387235295
3576057002
1711110999
532964390
3286216044
4280323786
3748256766
2744120577
2933592670
3122236898
679815767
3735114657
1405395927
2916805526
2576818533
3493515269
2617545878
4226979415
596959358
2180283343
184588011
2865193854
667600869
1343017618
1767370614
1419613889
1823947249
1582647807
2612572595
2676147903
4160855615
1823528615
2007948750
1985905336
2168907880
1532437
638063368
3599913727
2250605484
2386690094
2940620457
3490521487
587675194
3805611942
3637203873
2457784562
2780530527
3179702828
2943649271
2957546353
2599166822
1191261392
1834450806
2913935807
1208518609
232051234
1927811602
1439550337
2017582919
2505721753
3967458936
2621887438
4065332670
3940444346
2679426150
595368311
1072478258
268483352
4293786567
503990186
3626969242
1480859507
1952608842
219764641
426853678
2447036254
2384561022
3427039432
1117727297
3940243625
3604592489
12795385
4205557041
1427135287
914035959
4208774664
3556871500
3173086593
704732416
2928026727
2468321370
3973934635
3000018382
3180007364
1569769654
3173161416
2998804176
1944778919
43580388
3191024210
780947397
385378480
1375648246
661060211
2757136756
955389456
2297496262
1958547100
2349858330
433601153
2475169680
2658738585
1319794839
941751370
2752591703
3727503138
3727449478
3833743987
326513346
899849574
3581188597
1768890107
1745773317
3902845370
3976472484
2075067052
627270258
2896587145
3030374082
1921502558
1132994467
1021723242
3073486590
2296808747
2468744770
2015449046
809216661
2270705016
280832760
4057635019
1631521389
1859128324
2839954129
956783356
4151084754
1695875344
2946657852
1612675377
3177732652
3510200975
511792800
2962191720
235445632
2098630351
212362777
1845088295
764028295
491523146
1282743260
4126870323
3477607070
2568009773
3083463729
2084201963
3130744457
146407684
757840137
556616717
2077621365
4062762771
3488659640
2148402941
2175460583
658998129
1564522672
12691228
835319687
2786946805
280490706
1448778781
3812389004
3339259638
3983890728
1779727147
2322278833
2663686825
902630478
481953976
3531535599
3709991854
916474287
4181789118
152869487
1401609941
3667142066
514127428
3467465108
2320716359
2906749968
2025907373
1607296200
3354956456
2279442129
2861538868
793399957
2665422899
1826320467
1813224898
3080226220
3932990671
1169387972
2262713759
3184074408
685938650
94691390
3264067716
2766433335
3363118076
1228724425
209469499
2716884484
2177550417
1643465196
1773141188
1726486976
1463100332
2150866489
2769549429
2617293815
177511015
852865819
3785104252
912301587
864899875
3657148530
3649152994
2387428717
3312984924
2320600346
652571669
852071426
726664180
2122141517
3073617587
1888835777
2708554721
82994967
2390189926
2397523109
289218096
280556797
2614149088
3467563237
924528163
2793525665
138447841
1767532074
492536749
2094804350
3746854953
1989804631
2676929722
2669476142
1933495116
3382718837
1246503746
2444049673
247642221
1676311909
3020322596
1973353011
473791534
2458107438
2544714285
2952318362
1032860567
182710205
779193724
4292019744
2676295288
308218427
948994366
2860936662
501140853
608572538
579341621
976110106
3786925397
2267224661
1785124157
266205297
1955151770
3609625785
1719823148
205684040
2811554824
3943420766
920930955
1472492586
1480709191
1242629136
3312620924
1077959729
2638507062
2782686580
3644982619
3817786514
1098959992
2875433635
2771586735
53126180
4083107456
194172199
1158108179
2729481537
2908602595
678591597
4133269621
2112965489
917274433
108449965
1305727476
3922694862
1090763878
3291660943
2666781365
2263432449
3390981755
2551628621
2102454505
3965907896
3043638140
3490398360
3125440224
1013303390
2961245251
3809893829
3449363059
4261770689
4146747756
1594270949
1934480888
1801158998
3709146750
482824453
1981637166
1960598376
1691764350
2999604238
3062397195
660110400
2096723187
400231934
3552444718
1490352358
1305995312
2545743737
3664377181
3136815273
3903284097
3508825675
2807099575
2368800741
4082544682
3622892165
2439557827
474340315
619314821
514167957
1184896831
1440087795
2797635266
3412287321
3653417013
1891095297
1964759947
2802007770
2317593218
2460477664
1773920902
414005052
761677449
760862434
4136406955
3955279951
1208402953
1353624102
1954477404
1965400984
970910122
1818620606
4128080367
1250948086
1880713735
216950930
1051414876
1961048063
3098304211
1188161596
186451354
1967539459
4132532711
268314332
2180063219
4162492142
3524827034
398744104
859017108
2684483796
2372743642
1926848510
509858428
368087949
347965506
1056382029
3141502494
3788804079
1009801729
1874596164
3948877719
1808443763
2239205432
337804691
185960902
3727856410
3169527419
336122150
3101207810
27027171
3991061050
602255742
3234669473
558933574
895756845
2160532551
2653233972
3170616516
4055250205
4260051372
893556713
1660649325
709411840
2357272907
1196234729
3156584601
3021950713
968172618
422113137
653343880
3730988327
3420299438
3217138922
2825061783
1011048702
4287152978
3280454600
294958425
2622380227
1804533140
1902817853
3970147452
2882650868
2567285260
3326089947
191975478
1565779706
550894484
364790274
2735347449
1700576501
1959298638
2514697674
2719694696
734612222
2107464568
2114782170
2062664145
378732922
3292277438
1246337965
3811458390
2051011591
2801247416
3129716345
856084323
2271870645
1513215717
1494097022
3458134297
3970726253
4111657266
4015924311
2595550339
441593895
3127466073
131993534
1449337449
1908441540
2391062072
2430741728
3899654048
3960447988
756393391
875606881
3608130637
3717415264
2143864668
1020274996
2499358877
27860668
4028992135
1406331783
2140162556
895558772
1716484572
1173230071
1281292975
851296900
1543807805
3139366286
626428443
1435030389
780637835
3365859077
2655273694
2598697015
3652944405
1552022702
1617873852
788597919
2203250122
2652293573
1619469398
1277360928
2177581963
631502967
270161802
2405284494
976959711
1365149860
1092681927
509800381
341367395
1151148033
3759282084
4212663840
1214725335
503333909
549725225
2954546775
3444796996
158974591
2137844531
2484932318
673170107
3769793141
3554519915
2109722948
1421571006
3482935076
2268783119
3978270860
1079508517
3377418700
3221545789
3381866354
1071147151
3089272922
3992929335
108714801
3203675169
1152171064
1962010581
2174141141
1113825971
846826731
3311674561
2477099363
3117869860
446258177
753542397
3973915067
1676848333
284143948
3107294478
2074914295
3380811766
880827927
4117506203
