284491895
1777725042
1107572051
993562162
1746097989
1681367973
1300824053
2912577505
12401833
26909237
2840928614
41539406
3797016600
4290026034
995931501
3199088521
3160092333
1470694452
27562937
3122815861
3743761718
3448315512
3594255853
3965646551
3604075733
1920650386
3184806716
1877099706
3517278818
553213185
898373233
2820510970
3713005376
1264762752
1115536367
3037065852
3334552788
3722263031
304749460
3151535709
2801847856
135763903
1848723798
1909060350
2106380446
4006553523
683524726
1547317798
1921223230
1408296978
1724981708
1457408770
471009646
2237315216
2481639256
954306519
554736774
3590428769
527190763
2780503508
2942082444
2349280716
1168798411
3259261172
598996818
3860100804
1374225137
2654422012
3318825822
3396766771
3748173135
1718826351
4031097989
153622942
1766197404
4160231917
371367051
4133126047
895398827
220677547
3869373589
1626584752
3128584558
1178527435
166987446
2242050187
599378844
3768620260
1527148073
982581264
3446452509
1090783454
1565509323
3982569925
609181961
1741079118
2233128864
1702046181
3173132826
1722235610
2615197452
119771671
2552594789
1229277838
3971705745
1245929353
982448673
2621473205
2847125811
3876421097
2839802967
461458113
668459978
2157804335
2719608443
440828208
175962744
3408113597
1372540167
4138084111
1184958609
825546759
4257367025
2658722347
3622599257
1657178500
4265254315
1957838527
3151445663
163949456
3965510270
3546267748
4211824124
370873467
883780329
1931718259
606643258
2327834864
3368080451
699309855
2919051726
1514177288
1722953304
3239099263
721922043
3619012294
2223986269
3944276820
1898278835
1726169883
4131058581
860811298
1465996675
2672560610
2520532092
1104876447
1903239069
1531753403
1036480535
1479605806
1808441714
667854183
1383442183
2874942955
26050693
4010777680
502811176
1079911685
4095872738
731469020
1162048981
1337679503
3996840666
2963960519
465829422
35403559
1376348186
2505532412
1117160127
812580955
683017911
696918845
3074534018
525254883
2969429240
3771482334
3188499092
2083822080
364376073
1632714312
3672296292
829766829
3902346713
918650000
3673480025
296367829
266626578
3193826972
237625539
3884990045
162997196
47611865
3191458964
1337257109
2751702723
2822249486
4026460891
3817545915
1635650384
2013360452
4138748600
2250319199
1217444908
3040204929
1220864340
1339628400
4085245517
1314585304
3308836214
1044094413
1108334729
4097515749
3401040652
1926602285
970084741
169332231
1715757859
1102621361
2818918211
1735735071
445661566
509371107
2763849716
1644612735
3658380596
2175269102
685145420
2589569672
2775353790
102785041
2909809343
1413601483
1239349635
4224417751
3501949691
2126044943
2023934288
3507843975
360319990
4137410299
1615968893
1708722538
3203386656
2254021307
548853074
2752683614
2387787278
1402974149
1145247896
2105383545
294948503
4209892186
1162808765
3712648118
105426139
1124424879
2364731388
1639148065
3649985572
1311046839
503569911
3683191469
1926772056
2227360553
2222601611
1153832571
1309095441
652256337
3794299129
3285431978
858200334
41557778
2309658224
4278056189
505125732
737012113
2741660821
3630213895
44844943
307327278
3074470777
1143979708
3632612503
1193850841
2960178367
878286938
1898296757
709300318
4078881193
2847398886
3037353420
331730512
854988842
1666326784
3086325855
3919662889
1866331098
2465071794
1630169730
1629786020
38843911
1753264080
1210198574
4179138394
2680821937
3723418112
1257051808
2273939989
4045908910
907653377
3012213358
2974360297
467085684
3883877981
2049467408
3735042465
1247200516
2024247431
2096223193
2611038090
3204744010
878053573
2360532429
3078226462
1866932965
3002921740
1903424598
2176805425
3897594908
4112052892
2892518449
1085285839
2094011767
1041137537
459263901
2627144406
1524732951
2395606671
2916105306
592095137
1350926660
1862820267
3829316430
2720933166
1212799306
3136654276
3115234019
1753648041
3294370732
2439036271
3821853053
3098437870
3422756435
1136869813
1840219670
3521150047
1738888293
3312957728
452841680
1470511198
657192892
1496182043
1284348562
2086509136
3010860226
1564765403
3618485597
1950450948
1160095965
2873440358
3196916573
4029097594
45998273
4040333080
2689494140
4104078947
600624402
612298609
4130551166
2516430251
1804318094
1351091218
3744636050
432828916
2196016296
3198063055
2483231587
3324198922
2099068117
2400892740
2358915581
4206284823
2040648885
2316129516
756451185
1781390818
2329274129
161315511
1331008807
1592466738
2836122410
1027271192
783695275
1356016789
4288254344
4254180922
2032222861
1406746383
1565179982
2750479289
720275727
3096944583
479339958
374282653
190135093
889035476
2170361187
3670948703
3407701865
4243474227
2591546590
1568319406
3516239380
2250987785
638500328
3229795072
3431639514
4144048876
1973390288
4021292241
3865568957
514549032
3901280931
999562813
3688797444
3539574986
1191226880
1903244687
3972529135
3317287784
972161143
4004268870
2153690906
3280798698
368626068
1514213083
4194315042
519803562
3285942561
1095920588
2730384101
2755319010
3416875903
997538134
292041681
3997344497
887250284
421882526
1188963257
2853562693
872920925
283900795
1819158310
522915530
3563032763
2650396586
533256296
4053905814
4211878457
1817414233
1839145932
2598203260
3469532437
2598943867
742513632
3325835526
3194246690
2150752385
2316491536
621528651
3593827426
1724091020
1263848489
2505032810
1967594620
2379283034
3222158653
3459032012
3489989365
1647233853
2264704864
3708875913
581138057
280690600
2625172937
2144696370
1018006971
429304956
1046091264
1801455783
1597779139
4053308080
2491930867
2953533699
1837282535
1205229737
3142430044
3558952356
2780696830
3916636031
65031546
2452539708
135582496
2619643289
1996403408
12236965
1684431498
1467192245
1382335825
4033904079
2697295114
2523224600
1590154891
1285626466
2060010779
1411520208
1571068351
920104923
1500987375
1660932992
3967893003
2960228159
452458532
3719510519
4220631016
2789647793
801664530
1019653598
3459146252
1623132109
1800380166
2375793069
2112825320
468981869
1829919944
3448369768
3912095946
4024184334
4155976799
350054308
2257828519
296364327
2551781168
3191819636
175159124
1443378872
2632399192
2257533088
1165621294
2119399763
3194422990
4287237808
1915006417
1869084218
3542560889
2178683177
3002940797
1768296975
511517913
2612999111
2476314590
1857002798
3499655066
1045720432
1574093820
242646974
3501179554
64632144
2328287085
1693979025
1033432188
2059070207
2707253934
2042304761
3196603371
891396151
2353671112
3059267872
1517550462
644324965
3548381021
2354769720
3263271098
1823328677
1248160428
2255686719
1933809186
799886321
2047969204
681140774
1901679818
4132421906
1881922643
2003643967
3179408419
391198307
597637157
733663881
226930187
396931654
1592380372
3823326127
3902448829
3198572070
4172321897
3590104525
1929650292
3239179391
289349537
3970258742
3785669836
1966288571
3843983303
1354165657
1923480465
3605113669
2474387832
2741251493
3661103616
769664042
3202694974
2092980735
916994563
1355738185
600056908
1807028480
365041052
3886953135
4270600718
2188378218
2388934838
3033373462
1103380677
1196079270
1700266957
610179184
1810980952
1298620578
886521627
1307997886
3496492688
4148369149
3904457938
26820655
1061252072
1970586446
1942497472
220803993
3108946641
3857711505
2013353036
164993536
2447188669
2792232551
245958755
312184452
1415055162
4082825925
3809084497
4028171427
622354870
944810086
2952744992
4225385657
2144127368
230083370
695820468
3651196541
3946483906
3634510193
1601534823
3293012550
943011058
3989629540
4025671058
3152146876
1438035527
2962905877
860603738
1082458205
1736839589
4059049703
706589931
3703006057
3017572870
1553816613
1056289874
1603463331
2336852577
1633962950
4272669197
73979294
172728385
3106722330
3477286811
1379492310
2442947424
1237639955
3807873950
898581541
3603797471
17979200
1707669612
1551826578
1954025846
4264985551
2616413413
2975600407
3827363136
1286857349
2919522140
2757641135
470534736
1366330694
1129591964
448860848
2762671000
3308123257
2779535716
2213197979
3123570800
1845118275
3900069778
2047049171
382404539
3236247464
3938837825
3874221600
1357962321
1160211831
479322301
3376601283
1649552559
2281020371
429892574
1873405812
47224025
3815011274
4030240274
493488561
1770265229
2664248291
3914870324
1265900819
987988506
2785850242
637660130
2860212449
953282626
3898942143
259065102
1609600708
2160396672
3291682593
4126670250
786091740
2342048533
2267924519
4199131300
3622308224
3169709654
3609891957
1148484047
265095675
1244897654
1926869065
3061056912
2711330783
2682363324
4223302899
1598291563
990777143
2835709871
3697299250
1490604485
1967395010
1378521394
2648576646
992188675
1359888215
2381033668
3061867677
3278477220
2975342425
494693990
3307622511
3375619509
297032438
2382004429
1877570317
3672154834
3870838420
2604931509
936256989
408197067
913499958
1763653425
477511356
1870854958
1783162647
3237852909
3022200300
935718674
926539140
3534276266
4229130219
2350662158
1177262176
273601341
2891481047
402550557
1242235632
838275637
2953238649
3067673095
1759772996
3935636490
260545222
1750046232
2781214120
3065199471
2211159
3122868631
3958717427
2514157165
88415403
2833152215
2042540473
1646441758
3209262553
2997012673
2792861872
1554249010
3955197054
3618982693
3443349260
771024340
1800860267
3450615894
2482101632
1952513642
1535995296
986047680
1429443987
1998236311
1925707148
4035762851
70639520
2206469694
894242118
1874060734
3612664693
532831674
920319022
4242041909
62401927
4100830523
567834662
2199951808
1554299033
4277720722
1499217217
2501831290
996478340
4221448933
655645013
3855237059
534904543
4077747472
1306388130
2555788147
1095594120
1434854436
2737753090
3770066713
1590051597
775777838
1175355788
2850632803
3019180470
2467566989
1499913248
3523788102
908772485
676034446
2889042194
1695913153
2983178866
859952862
4051915864
420119051
3414920715
2147090916
1994076232
3219620030
4135769662
232631982
3113408262
500505293
4054888301
1996771441
3766812024
1172469305
1205384987
1801617659
2437560088
705472092
1361358428
2311008093
95186509
257451222
3161873857
269376951
2298876782
1733367074
1543798632
257463438
4195055885
4159583819
1063848900
2393201603
1310301694
1860789288
1666705629
3540930108
129393998
71647839
565686732
1784179414
266344487
3086887589
353629726
28726302
665116732
2227926170
1500803180
1311461514
1730722957
2306239484
3896509383
3001536581
4015409304
2349016173
2789900604
1360892740
2013892261
3308622253
2624607682
2848484159
1020297061
4251906719
2415769256
2619465385
355056641
1197851447
331376820
3724857700
344675095
2684644462
1797210296
3216074831
1893179409
720437808
1233098613
814380307
2985255950
2449666953
3001327531
3420585522
2074725710
2330919234
3120328746
262608826
3741114927
1245979663
3590755878
3912405385
1904408116
3031383071
47255959
