200334056
2401393451
2595956115
709841899
1079748319
1806645077
4041638068
110080145
1335016279
3533911313
1597418334
1447786567
2411442920
1336987840
3742337204
1522367971
2355960704
380160148
605839072
3429493840
2615434000
3960039483
420980048
366917240
1871710650
1570008651
520470702
1936720991
2228450836
55180357
4141447137
837662509
3519625511
2933226943
3172398677
3683543955
3727876096
1162690968
2843326900
1311956902
151182606
1977045473
1985623443
232331538
1887669738
787548591
1809419474
894063077
2469330918
468972241
3077723244
2396684039
905862899
1854588726
3758241346
2226883698
624837518
917018222
1652990229
952569988
1314962752
3320887496
2946277923
2709844363
744296359
81097450
2607394362
1932498090
575976742
1956955690
1399423996
4056691926
2086473965
3057620041
3859259933
1043316632
3231194541
1659951194
1413951224
1504382377
3491151433
763459237
3795938969
472082603
1600214360
2332250548
2018959268
1660516720
1520950619
4049689010
1986191668
1237967735
3246161005
4068110999
2898603846
1818007860
2880254954
2967562424
505655592
1360896025
3721571569
1475668854
2225995155
3746179987
3212084927
2459315934
2095197080
1317949904
2076751670
2318152280
962074392
3025861511
3743995900
3696712567
1380749978
1649391289
1490310364
1751979185
2614837789
1242539327
3614925206
2030806945
2006568984
2025629664
3903725973
2342130948
3569441957
2945031156
3578602187
264196492
1122663652
2690195371
1756357311
2506873750
1242298941
2782896980
3557512382
1738803820
820216290
167390131
3887467178
3449863839
526661638
3149825914
1703452643
1638326724
2728292003
370405109
2746166114
825879083
3025004039
2346151384
1759537862
4221337632
733832541
1356047457
3173538443
2239111001
3686596075
1970645395
2552285250
2992247852
993202144
3790028195
3657798826
3009560483
347236914
1225864459
3647323372
4088158581
1826174310
613835274
146751580
2452467280
1377245415
3991642673
2583983056
3999422284
57640247
14546879
4049363428
1751269126
3260227224
3612239258
3862233125
732437667
1239830305
4104772229
803254638
4090477576
3213245795
2528695022
613891977
3260787727
3405135647
624035367
1166971704
1629588447
6169746
2635884883
3937376458
781964736
3207163620
13260558
830547606
127180517
299062483
189372454
1252375220
3392945762
2037361447
1240132533
3801557916
2239803139
3265692440
2448434352
1214134097
597958173
1345923164
1094271796
2619543121
44386881
3875903506
2429865486
2465831594
1848702578
3505851360
388069084
4292047970
2414518802
2404290966
3305063881
1657674161
283960778
729435378
2933654556
842811449
798488743
524569142
2748663065
2121386043
1442707544
2754232021
3776690600
1486284673
22004947
609201055
4184597110
2558453613
2254074821
4194436262
2868988551
2503144550
3158348855
1177699702
3786649354
2455141915
2314432670
1803724381
1201667150
3917247108
1242771752
2301321837
1375591790
3790572927
2742265791
3063784457
2176525937
892782836
1004918323
2031887663
1037132379
260483400
3508639012
2162665731
1755812312
1511365634
502345862
1271759114
4113352056
899363723
2854084820
3472685540
854880340
2861178254
3311920411
3045234564
2540088995
952725440
3746752659
656849802
1687799868
2666617643
3038614831
309585114
2524621828
4127284770
2118425184
1229143955
3465826336
2716434860
858550805
2167426276
1798837459
3930387919
120398190
2371685326
1728530391
893392137
3554757917
332968987
4205814402
919999519
2350536565
3901128722
3613171818
2170114560
3705436748
3994555742
2915777785
267982536
145794634
3183143695
2592716481
4067702044
2109071139
1821883752
2488963892
3212395373
2123521373
290874577
1202937531
1789176001
1590108147
1484316634
752895654
3107095596
1874989300
2830107522
3386735430
4206086399
3544574321
4174569517
2277803860
1348588811
2268785313
2664665525
1980774551
4216064787
410595333
2658537604
1119345666
804706012
2240785288
4230739821
1405826288
1108120019
2211080989
1352498007
2129017491
3112333776
2961523955
2808286385
1600716922
1239596437
3819378858
3844050433
2220778174
3563102147
2443618591
388595316
1080818390
2116694550
3243501710
2158938340
2124156407
2908512556
352809154
2245824779
239379720
2308440564
2816556433
1663505811
3387467840
2069040886
431059199
3720150616
3573984741
4077485300
558484732
3656566075
2977432895
3241506809
3442637964
4071193634
901755507
1754918224
3606134965
4287501451
2976156385
599757233
1342512262
1943083550
1196076385
1185871876
1523986870
2440191650
1850119438
1824234935
1065081779
935808075
3584535475
3810721711
2113710510
4069832234
2574664121
3740235935
1317502985
3705246640
3545537957
3425988064
3057524565
3092617496
3657050295
1944952043
3984400035
2343833819
2441136770
3257934804
1738651319
3700497130
271630100
3257348267
710754802
761274114
187105520
1558177821
3567908939
3331588194
2932381189
1136018671
3602942219
341306543
3062584952
2448245236
1730552889
3184974632
1371709144
2085117099
3100705752
536513210
344520747
3926959467
3148754224
2267251523
1575052726
2474877888
829157142
760241642
2578875769
738123785
1693249598
4188870043
3272880791
975225644
1581609319
1086069545
2366292699
3056985084
3832532863
449552024
2496798394
2402550384
3123709574
1297934441
3214298266
112407379
1306609935
4247587988
1611627847
2318666056
961217374
2384620926
1956818124
2157611722
170174205
1907059327
1775700001
2059150381
222517374
4266079605
2394716367
3555071417
1323630792
3468209299
2445554427
1635331583
24383596
2235546178
610545930
1591112349
1776703092
3597497132
2965206438
2263806431
1350827363
3572503154
3655489413
3053442210
2166190814
3901539695
244647392
3466796486
1631300504
339811803
325312700
2154047248
1158116125
2052621682
1049607257
2008134766
3373981360
1629276141
2472953364
1651027895
3469889315
4226142614
3105724442
915084767
1984989587
30820568
2221961888
3103200705
1918243898
1243653841
1180948731
1488262810
3812020145
3062732036
3994991740
4072880168
1583901780
3848313745
4077292981
4127166488
3030099024
1986589463
790747782
3916466980
460918972
2138807497
727369029
2208376567
3209271608
644836132
3902458112
2568089163
966209240
654943374
111459508
2206104584
2007442297
4146926278
3894300547
449969362
2625959015
347263260
901825202
4160329154
2262069723
628757769
1070926547
352198444
2381077488
2630053003
257900163
414312347
3101938080
4129885777
486205168
3860991445
3359483848
2748469027
1674780574
1371184014
4022697576
2876619770
2229076692
3884169748
217211783
539622317
3987305028
1103397962
1812131008
2862523807
3592977703
734571077
269209806
4158885282
1458760738
3361420579
849112718
3600640718
1269738453
3831769479
1814752410
1713580641
441883037
1828314241
1212299659
1565196072
4115909043
4222050925
3403392054
3432091561
2509752142
1326959179
2632089962
2023641881
3818552722
3264866989
748526532
3502349715
677287019
772116336
2882615307
2380100979
3095767314
1579541585
3290523876
1843999696
2185118960
36432661
2629358096
819224832
3414637947
1871898399
951578092
1904063338
3933365622
977290775
2346965572
1396231183
2720989467
4145594107
91800667
2773137509
4138827758
2670769480
3072447995
1730677634
2945162539
864998036
1124099924
2065266703
1834233518
3355763602
3426476801
1073091348
1948304037
2921073934
1452060812
1079224817
1479672392
3262295038
2562062305
1999057996
2125473410
334241161
151911586
1037129525
1876523695
1669265017
1667131675
2266073460
1444290298
2350073250
3701897349
1290123479
2292342190
3722512449
150966638
2267402525
1278353929
135470555
1083011967
3762196334
4276910869
678222456
2275156782
4130456494
1095553006
1383956264
636900641
902291962
3723679545
262887661
3696691185
2057702567
4019034386
3574154427
3268742719
3493748504
3649865203
3263516733
3473771352
3212009664
899983340
2388642337
4244801639
1925147692
3305571028
2247905150
3968782121
2702353362
2556179980
1281595963
4117792835
3991013833
1713558536
3267207582
3886973135
3139958764
739455527
1977381571
1114589642
1758251273
3004057050
1769172908
2762235342
849452433
1720072558
3405367124
873953132
734318925
3289822531
2850870867
2476390638
2723737926
1114559112
719373298
851667847
3027151592
1629455787
1960259089
4023597935
218982615
840549723
2226682848
3024814898
2328337911
2868539999
1750737465
3662674515
982235944
1281085985
384928404
278093919
4244263962
1203774107
1991073158
2182673403
1681757642
1981849621
1177954435
1481696412
4057038668
1376211737
3116348798
2746656806
2309561062
3599259969
1118930657
2356768025
3017729574
1315284766
207851152
12802174
328082970
2030400254
594649140
2199761843
2490449373
3219412250
3537105309
3708900254
1554209880
2593871597
365579935
3174344454
391137150
4134277095
3014163882
3084417774
474518663
2465580081
3893587598
2016168356
256208859
3664226091
400927569
3052264758
4147747678
2489951924
3381153724
2340652861
2145248861
1812650891
711881073
2931242710
887009354
3045723904
578372851
1506900955
3216582573
3622228242
3947991139
423579376
3588883233
1432363463
3906945532
3750723216
908505703
2779821538
2787303102
2636545540
161302574
1106034613
3991110552
1947350711
4253721455
2315895634
713045839
1353610549
175157427
2176440132
3254281236
60161287
882559143
3604938585
3198376475
2572469560
2287940865
3818389892
379207296
3159942657
1543626464
281674803
3150099820
1494578504
534471936
480024276
2243693412
1539516566
186581519
2786938647
1104457832
2203252513
3090814308
1724852414
3162731327
2164601415
3553698257
1583651896
3233126902
2626016827
1571890360
2166205531
3704360399
1334721380
1545722254
3997979102
144300746
2938075946
1307510163
609336197
2867671954
1967312044
935012628
1473319437
2668741025
4005616430
496392515
2714028367
3894200215
2503828796
2254941109
2648526645
105959043
1850609441
598044459
4236085985
2693984324
2452921845
4102819347
3040001123
2193381368
3427590991
429599694
2694895428
3403326471
4033139804
887510687
3135904611
1372490294
1482832210
2229434506
3878507620
2670435187
2356656059
1047472035
1712572962
4199585506
1321343097
4292138838
3194700914
1689193119
2171005585
3493338807
2106226893
2370811134
1954822027
2474751015
1151286786
1118186146
2954633309
1578014524
190595329
3697971330
3753823476
72338753
2124714512
3620628698
1325516963
3410591235
240212798
1432121792
3423220312
4097563724
4187629957
3543224306
3257440368
365300518
21863202
3074544508
1359522250
529133530
1605223002
1090869442
4148876248
3259600745
1964951658
882534731
2110184713
2869989814
2550731462
2534262149
1593919058
4228286920
3948238662
2994016886
2179434130
2086766287
4274444601
883278520
536891349
1947881550
1690063916
3451734063
632780254
2396790107
1749631958
951300474
3198303216
3926313346
2373888520
2446394024
2906212859
591926779
2758804891
1666295843
1581554922
931087284
1772017303
1254094397
416516068
172806696
2967429804
210019828
3076205360
975179720
708866611
49495110
2519381741
3727581500
3189098330
2773394492
1891275852
583170427
3855508362
