3481194599
714462478
392504549
2648664098
2505847376
3428498424
1640959494
2792529346
1100047219
1514772750
1189929555
151179957
3055023268
318811924
3420147649
1239598980
4250999995
2412345172
1748175518
3084961611
2970295479
3989881618
888966389
3253914354
2944455013
59554562
3349247389
1124955771
2611975385
3461687385
3626290862
2365914901
2792052284
930779551
2859307578
1633504927
147924700
976422810
1010490332
1714401711
1008888757
2864458648
3593171445
3804883254
3551518560
1267111096
689061465
914596405
1467939260
861434940
2644543604
475186188
1092850947
100978268
210183014
2915797268
10002776
2197365452
1394936981
17698143
2616848212
2479062268
790501272
981834991
3433897556
3821442259
2381624898
338397478
2638048164
3872022114
4092025191
795285978
3396825293
738345354
4250174929
914683558
3604646063
2076759412
691939786
2977694666
1046065078
1252397992
3400956980
3358127378
1272279335
2829442428
4060592602
60886077
2517665055
1543616777
720562595
605411307
1034451615
4145885989
3207353558
2041631316
2816235179
1673657284
1201533443
2601303782
2217359549
1951097862
3740282099
2432223089
2645393583
381300694
2546693454
3743139095
1722382158
3344524028
1325657095
2621516036
2848884475
2047899279
1734606872
239358794
3951575507
980768905
803297938
1623638892
3103745668
3801832427
610910524
2392214203
1648177922
1679628189
1932853840
1026693061
2236501036
2563194884
3473499300
551673190
2645720932
2535532639
1320162032
756330526
2532224673
253829273
1353341141
2578610925
1088209320
1036845625
4177588600
4120391895
2874908984
2158528955
54272026
3161012873
1188464330
1720641273
3814895281
1528062520
1612690511
1624774313
847870047
3087889359
3923349347
3512830518
3511408165
790396434
1326988758
3505532095
3192319337
1314813746
3065246790
3922038655
2567533940
3943945261
683765248
949963750
3325723708
551874521
2641151354
2900438250
4248639346
30106366
2617707725
1246116626
3503590283
3464478643
1809607679
3583273994
2823123950
73561425
2304668395
269760222
3139219479
138198793
1094254194
4136810132
1489643249
1950677859
1204495856
204903218
548488643
421408318
3149076470
1113764950
2506800355
3696106288
109456599
730901144
1497363796
1103661221
2945763877
3009448822
274086445
913879585
2667341336
4016502727
1107196694
2841069038
1573057972
3394666436
3692867744
3566165731
2988123597
1347842756
441351013
3528578900
341344187
2813939574
1773503185
1468836339
4229644000
1832084894
1619063730
463705707
1955733466
2331094109
3728892860
1269608935
3735581322
3084301433
1729698622
441006530
246519510
3639114720
455419220
1430422065
545115634
2622508197
1112717104
112623521
4214800966
2221784271
4217928100
2995575951
1783481172
144353729
47176881
1575403698
2354769054
2375050248
3413074938
2358954639
305381840
1750857244
2326140344
2465124666
2387775082
275427462
2184406723
3770062253
320004532
1344412159
2342026276
1503594663
3090839759
3163443477
4246735328
3606747500
421064796
1678204293
572351577
934277288
1830746629
2789538374
68111284
2307908469
2758132276
2878361382
1497186577
1066347671
2417391326
625740917
3693092267
322971136
1138034933
1406101108
667325763
68096639
74361112
1718762087
671120224
1187611553
617722556
875658655
2604083670
3418745796
2056115447
743757562
1574524031
4178516649
3454778295
1157807610
2108775922
1391611256
324457383
3903924189
2291422343
2987343001
3971758756
98973183
3983439198
4294652300
2303483635
1895745389
369233091
1752285704
3956281348
3242850475
2362257048
3652128875
3481736415
2703197476
761654027
1054737272
1188338853
2004516539
2335290776
2407911253
3124070019
1524873207
2688111117
1431675474
849567301
2161311434
2974120586
133713720
254506744
3820216092
3746355963
3656634733
1349897138
3519846131
876250947
2029272498
896599206
3166382413
2777361839
865063709
2322480485
89060027
983314611
710384366
1859851715
318950841
4125031150
864552743
2618546718
1136407814
3716206043
3597420417
1917150479
1525247595
4245748593
3440999726
1295388668
3321478077
3540776003
655924956
3802932631
3104272264
2610341993
342241180
1998669916
1726961037
3334368102
2441704038
569817913
540158510
3804242355
549999869
3725013982
2809955506
2164054106
899899975
2869806636
3474993687
644669010
1219366491
3868656102
4043938507
2809056886
1947464679
890910888
3591287259
2445538924
1455600945
1361772355
1312025279
4102930380
2317600008
2474567567
944606192
2573391484
2993822234
692253297
1834356215
3263920039
949252758
739202112
2027992892
1948766142
2990455563
4127123668
3786972867
2364474608
2218865229
1530386386
1484252582
3329282577
2943849300
889796177
4157257300
143359229
365761072
727785091
3827276176
3501734983
1793847307
977743165
2866644645
3701832972
1542486569
1058832706
3664976939
1304218625
226032268
2698094814
2260295557
975229538
3272564953
2763163609
3382619206
194151152
2555816166
1351154498
164084272
1384222008
2457586372
233614256
456220817
937892720
2226805888
1784240026
3673780258
1824180250
2591626811
3130329676
1713635829
3017597574
1562895840
3909887904
3110155567
4163028922
2868395655
1008839587
3171567349
1147785039
346002298
1624038819
3568372391
1391676716
4164796492
2527415827
3553460085
2958002068
3261980966
3778557604
3196227172
71928276
3924761193
1670278561
1858944126
512005151
552058668
642319028
2367920061
737671107
885661237
3883883868
1998069140
3757088847
2720454930
1974454511
2262893240
3069702297
3046868175
1474063713
4048376545
2493560886
363565959
3987057435
2132229661
1285962964
1460467769
2731658166
1196773038
3356284834
3049404214
1653121519
4212284133
1438614382
753697320
3067992773
3141015599
3049424372
2753642835
3784901524
96210963
298018192
3878437961
2625201040
1382928971
104839855
3607764702
2692625733
1040888287
3484809125
483205725
3558789599
169929891
1283816916
1771400004
1324513499
2780931361
3469265198
1432998683
2798184106
2303983349
3251467979
581996359
2580627820
2598015328
3975757782
3506747301
2713130514
925786309
3937981263
3487628
3750038582
864308398
3770791159
3045691261
3904834930
2274543967
2172219053
3000436934
3886072829
4257094251
3464437637
3774545227
2488034890
3650765908
3448665591
3007019742
513307661
4081550155
3961051005
3857156530
1793232126
578751337
967507101
4279780636
2643909534
3259545234
1466586587
1095657196
965440075
3651890156
2872959293
1672127480
937547373
319969720
1165953362
4009781908
2507139875
627726197
1184012397
598792876
480357616
2995467297
1426727138
4177231814
3611733555
3568392470
696956153
2017386477
2978010509
538571732
3442150294
1673930804
2146268227
1457062721
568517546
1888682354
905604262
363102066
3862377393
220502164
3250102360
2576079439
1969053816
1058511736
2232382836
2470629944
762426481
2973424401
441122096
1432697672
545970978
740893496
1484906532
484695539
171287983
1792383999
2656204313
1509892842
912290046
4049925643
266465692
1276961495
4167466405
116096331
399061946
876497944
3823129525
3460853929
2841968782
1851633824
815325755
4191579876
304859028
4173932956
1156353000
4252194568
288106249
3341981810
977468428
892527558
21799514
1448463248
4058482009
4180158731
3700374685
193257112
2255310926
3105335197
3935601397
1995168831
450585144
3904408501
384800542
3355157542
1209360917
1548482484
2539256280
430125189
425595278
4117760017
3167183020
2515690159
3411823841
3816206481
458054005
4018460371
1793648922
2932182597
2057187338
3924123799
2603470242
762322764
1368129528
820176099
2371537748
3147620721
2301453478
3277052410
755426231
2490848002
2057847349
4215017522
2861799260
2887380940
736716424
240088269
901154675
260581879
545908387
969738081
3366756066
2940095788
1771693161
2822076367
323351264
867616622
1633870399
757194922
2374976786
3016363325
3439322038
2753081079
1068396041
1487436470
3940495795
258909739
1723577852
327551692
3562167445
1738593248
2912665519
4241129188
2539388764
491483992
1586413165
2491689500
1174512455
1323830266
951743979
1541015798
24384985
4066600975
1310948472
1194545603
2787074617
1435806820
2416695200
3997881095
2578069768
360756765
3484907353
1028935866
3345683092
646794420
3794465943
356204403
2731317762
132726621
2508226991
3347508057
2542501224
2682941161
344999006
3333084605
2086844167
3353387038
1865488335
3934773108
1362873028
1354273837
2623647088
1650363318
74275695
3168873329
1646018839
2703330926
1251347397
2507564751
544707766
2152165750
2700894605
1090021282
2058599030
746923571
119893576
918635375
1897460769
3579621706
1264030765
3397481116
20631035
950730550
738848568
2262184506
853460639
2486389612
162162976
849790120
2910770263
4071036065
3933059593
2899873458
273242610
1560690106
1329814307
1502692161
3131248165
1431988214
1874218010
2148021731
3381430191
4211044233
365024775
4232023601
16219366
1837720085
3318047066
3970272179
4048047370
3084212535
3010112887
1466290236
4006203414
3503666565
2669398399
3324940860
2829176852
2535555924
2455986172
4281404144
1889121862
240977415
3293843473
57605700
3550325934
4191490609
2532369465
3666746723
3568637943
3145070911
1654484447
1577608429
1506209850
1335505500
1688134813
4184882803
2176941645
3060746696
411240556
2986526621
3795791314
1427141989
925219108
3400821982
776303503
3794398994
571649404
1066192298
859368573
3249156056
379125853
2652010233
623548550
3306555992
1528355548
541531458
3410375467
1674935468
1721331538
3419514310
351423037
3245959401
120076613
3898108809
1746907763
3640345261
4242799276
417743698
4272496173
1600023018
869319200
3245425678
332366539
2601834250
3135503792
2020944977
1634869003
2011695197
1820996514
2813803084
4082680926
99022065
3424948286
606748529
4125000303
1470202624
495601813
310214640
3637328072
105555991
4294725109
287478341
1282884635
11117481
278815937
2369238907
440778173
2109239506
1159380983
892538536
2454456788
1556807947
615740214
1008927367
1384611311
3126934936
1956501907
1421883009
2800490691
2724417282
979602313
2733668142
3575524975
3951025594
1863936668
220105473
1701282447
4232907521
2907748640
81682306
1430488329
3020383248
1698060580
945440204
3714605811
1224157594
1134191401
3414609838
3279150740
895029545
3654577222
1693460885
1820154897
626832181
3828082987
2267845809
334610058
3974899883
915518332
427103198
3920609277
2694242064
836522427
3250016810
1892778265
3679748427
332750988
113419417
3896929376
2249718151
2189368423
3074103978
457298615
3908012082
3529543103
837610111
1308735427
3583283415
2455435191
1885477132
624134889
492223218
1045883941
3600808081
2887210072
2227411013
1988026274
2669221652
332979799
1328684470
2325154058
793138410
557555724
814946723
3083735712
3093185947
2354646355
31864768
2865593180
3766258592
517104200
3020089947
2450980823
4047017113
4050792781
4024559988
2868511381
140186221
576713163
3402088340
3579831487
151632850
2445905241
542148515
1631955815
942142692
3269424594
3319685702
