4031250018
283266850
2808328764
539509331
208164491
897493152
2317539679
1275265364
834398445
2503335281
1783338173
2524174964
3530639872
3517714534
2833984349
2249744697
3923461732
2481999516
561451368
1273619563
3807932433
3439437177
1086115377
4027488319
697421054
509659712
161357551
3428596041
4260779272
3834781934
1962997853
3612442672
267049796
1375435841
2272710677
2771213466
3611739274
2557321149
3672760476
3324604395
1889806962
1709088902
1523638235
1868155049
2732319649
3186460292
1577493463
1205042774
2432869015
1641361589
2505096420
1343427171
672669689
3644841030
2802524654
4064957123
2788357893
2334356611
2938019739
1789282842
1180781878
143009583
4292105740
2087321226
3593345651
4282767724
1770169565
1747045925
988441834
2791524715
4218086121
2428834503
95949483
3945890259
3200860293
697905470
3143412091
1123290110
3086519589
2152960491
3677851751
2479174042
2100023981
3612953252
1258220965
2324819124
18076522
3223040076
1653465306
239618686
3939116350
2383553345
3396342092
4183007380
2911171237
2113161771
1664439888
185377073
1161202611
2719703183
3695536473
89723005
2500439930
2226505568
3792051704
1445166269
667185538
3446878981
1089848676
4137927673
2386372770
2106432786
792600492
974401358
3494038492
1460672957
1056817653
953933454
3521748212
3431459139
940586513
3263154766
2342283065
3868940607
3590820081
4102121144
4240693135
3358256000
582622525
1885090936
623689837
2505757254
2988289322
3078853456
2784432553
4092609384
1066908746
122690264
3877624676
1419104023
3466811023
447368008
2914531934
1247104530
124557361
1219630654
1914550966
844236238
1306195928
3808354011
3746009714
4242574363
945058200
2005189731
4013566987
1782489521
3177465183
4159337681
495024445
133511930
1401385266
594026511
1874322238
2895317163
3622607986
2608669561
2917133118
2145819348
2885826159
2184350119
2316675787
680074658
3542440986
748558342
2676501759
352015417
2205183954
2924807425
4249401876
524583137
165104601
3454039927
116452328
2275571149
827280012
2581396923
1988429258
2388164492
4105163779
3551822133
3645162590
1993979081
4199056194
3412055969
2569254745
518785759
3747903177
1943318301
2727751216
557214939
3666740633
1636708738
2788634975
1133843889
3073003016
293960683
3909409854
2152914045
3518969172
3464708653
3961399684
3845097224
108861901
1840392496
1262075634
11193389
3329085341
1783531180
1931863911
3475779878
981161323
441148412
3389029759
949732035
1541357780
393226421
3597241790
3850026255
2314148328
2560422698
974441569
1399191337
625849074
2642175467
1812399322
3372804076
3350313975
346409972
1729959640
2602174451
711940964
4290737719
927141943
3352604360
3194419445
2783472294
58419866
1169559170
423144872
1899039163
3654667760
503144009
2898864358
1290880479
399398191
662607611
2255715429
2207233373
1075412926
2750934422
3739164365
3492882183
2619160718
1806058882
1322557088
3015238530
1668051218
4000650419
3150305207
3272366869
2868285254
771640576
558533581
2746095328
3362234521
1695940275
2833149217
3430000499
3340902120
3040872409
783864461
4160250508
3907907010
2337467696
837991101
4146886898
1538088462
3740794684
254220568
2970605342
3892615281
2577543072
2971291651
1504174634
686345153
956952583
213267492
3455864412
4140380922
3203379246
3380500674
782548039
3094976090
1620025084
2180619713
4238776385
518787651
1772878833
946544710
2271136810
4226415777
2695341257
883250448
10761916
766865560
2863587516
1491733725
1934576072
4042278812
953841826
3431164882
1550334758
288156939
1211639765
2744781619
2048368946
1332950679
2061971990
4055002769
275053887
1708730640
3168133000
1572390998
3351033818
3646167267
389513762
1031683385
1892192249
4072774509
2300884900
1701688235
1892198064
1364210347
3726602217
2405186429
2941735177
2937409365
3762698009
1910855686
385382809
1794316892
63308489
3497731838
3862734402
205436264
2159495080
1806857713
656031044
1930557179
1938457431
1795132298
3780238000
300694483
1739303170
1660767756
2275487918
1051465007
3661389683
313431182
1913784667
592561568
498537022
1819084921
2738937727
325250158
1136404863
2313223035
828925813
4073294814
3620153360
3305307904
1127159147
3474830319
4234653157
2537373025
341201760
1763566731
3557207930
223369372
3514459961
2298668350
467541481
3880445385
1813439150
2688965386
893582292
506470829
3920443714
2574940948
2656382323
2556835129
3473507951
2318533247
3725813744
4266248232
3611864439
834726965
3615482350
632685448
944710698
1767305409
3224725368
1314560283
4063013240
2610641526
377597265
2041411858
429870980
2710667095
68072345
430016910
4059815490
1122392157
931936218
1728701925
586896985
3997350910
3044061737
3956715809
3884698460
3721210266
3755468546
4276508831
2953499099
2837340337
558311322
3808959817
3390624075
168523355
1634654643
97052108
1793214403
3253925722
3108341973
1577127083
1709375667
2011429890
2075332635
3616617191
4152929176
84612907
1251008099
153822891
184251363
3776697504
923875218
2559701747
4066623487
285550318
4087639303
1796745083
2133992104
992418391
2574739501
43600049
4036317651
2071808445
2761207532
3941671103
524923617
2772587966
3951370705
3619011207
97191233
3027568225
1845517131
3770679666
4173080100
860588518
3995388294
3267231348
139342468
612505035
936362723
2658908706
1687378453
1559679434
1422900915
3536461455
1048309646
1964732211
2346817614
1365657315
2284910270
2536276807
1991254812
2501788909
4286062145
1223812372
2604474601
589302773
1804342469
4226275624
2448866423
2470318260
3108086381
3783815196
2083913326
2918361708
4251406789
766230288
2482989329
1074079388
1341469343
3722072574
237959287
1395665467
3168676204
1862003188
2169378347
1931927594
74048129
2162154351
3587173870
938342878
2443162105
1750137832
3044226453
208940813
1759575214
3781055734
3020629720
578730198
2378900639
2410863855
1027834765
91068392
2781920962
1323514961
3583214828
3601183025
2554887108
1413949475
2295085535
3072097186
350071656
329026687
1015494930
1699311109
127977919
329239018
122107531
1891970442
1937365913
1397551538
3533330237
3899286085
452531237
2410290164
378968300
3132333765
2559421487
2367392115
2814647120
485096748
3951749369
2977555016
372110852
4180141778
664647153
2779566435
98027983
1309644081
27909069
340457209
2076252519
1051573767
4254934764
2275492759
494681290
1260978336
1608338875
821750800
2830520013
3454200657
3439689879
2801931849
1692853238
3794637884
2287049926
2385705140
143087449
139137714
2557646399
3449712892
3061352975
3878813678
2522643880
97429833
459688854
3431008751
2053456206
1102387426
2308165556
2820341300
66006623
2767752405
864614461
2115731959
2280880359
4082710503
912999282
3540585165
4171306756
3976675716
2467572718
721207974
2081582980
2421487907
3390840513
941351457
276187985
360953045
3958882597
1124758246
2580486786
2454667033
2532937055
2313440674
2489579657
2962743419
2823040810
3094516462
2927751291
3596333850
708202351
3760190513
1174012569
3293334521
828980318
2026284786
1193818569
2482415181
413813956
113015385
1815081982
3064774703
1891270988
2119318029
1469805382
2364344749
3823770094
3997702416
293095095
2059477559
2189115356
992391393
3908447280
1853695424
3047769633
3975194367
4169417485
1499049709
3851544139
410117481
4087316480
2142194300
266187339
3612598672
4011635530
2614200936
3360522131
2947302153
2764717401
1677490610
4210060928
1086149393
1822053648
1286343117
641177377
1782392190
2956038084
29236896
3579687710
1592379354
2614193383
2979326275
3081862061
572137141
737581364
114383323
3790045199
1304889207
2109333404
2944600786
1409570720
44961239
4025894913
1742216739
704819004
1685894404
2488967054
4151520609
3910938009
3440302397
1519581674
2698393859
1279059673
2762944509
301643906
2619488445
974345028
3775132622
4089397655
3480193401
298208164
3017795278
2312785377
651237728
1566323370
3296533917
2858482923
825734841
808374917
3465343593
4207203788
936975615
1210624642
3105552826
3504080470
684926546
1600699725
397820600
2206565449
4149802116
2401387872
1342519992
1234599344
2959694728
1342297400
2250032313
3252844158
168352134
3257874230
2339884462
969899551
3149900955
4253633849
504311252
2791910237
1360576670
2421988923
2189249983
1948910764
1811278069
1702083802
3971952353
227349473
2386798537
3312718083
4234179699
2984585963
4225795829
2724376625
24103324
942892413
583669433
2162050451
4275397866
2565484825
2938855435
1278746300
2592356229
761318552
1049561281
1113069895
2586370716
1554219143
555809348
2720279985
2530311151
1233878381
1437360122
643676129
1315569707
36701554
959857411
2118630268
1883405647
1364487684
2861446100
3862672623
2153893462
126865179
1220992823
3897857902
752681912
2323626585
1801657121
2884422222
573289518
3926920965
4225295280
3010627055
3726912965
3287167662
4105949344
1910795765
1353680840
3269616739
3989599518
3029900498
1851544548
29976380
3613569825
109597364
1955912069
3632829595
3220841780
1047703293
92311735
3480254029
3616624887
2797255313
2830035949
1244332633
2443820687
1331936575
2646976483
3687163336
1938252300
2558970631
3474449639
119516589
31791943
3882041088
4105136158
3799334395
3788845406
944033437
652645891
3118383333
2829270325
3396733502
4000413026
2813615021
2773823336
2520533625
3612066083
563899584
2180951503
3977478249
524281265
2127792389
1313814154
3041449753
1240515511
99468097
353818208
500456010
358349290
1082815713
2008150173
4081242256
1468782313
2987295066
1529074011
3050533448
3975759827
1440232420
1024313043
3144907097
1792157050
542988561
3658697469
3289112689
1392776345
430387601
2197686073
399496653
3674015296
4041988961
2103482991
1737453558
489237835
801517411
2109219664
3342490254
3891572526
3755863016
1776819010
1743280044
4067868689
814711488
2548533946
413401899
1997646476
2087869120
1629294325
3833717376
3683373438
1433992906
3966926372
2760601165
2117608065
978941573
2726985141
3470496302
121387410
2596556805
3937687780
3141776081
4042915523
2159716400
131736403
4011074196
2924652533
2540606656
2890423558
2677251439
194658572
3941452845
1777652310
2142118553
4133665114
2932334918
2257081009
147799351
2292814598
2419671631
807251924
1169979711
1856167768
1413927370
116722203
2851843316
1284354517
2454720210
3215143651
3332239002
1759291650
1889674771
2467198300
444095582
4192291569
2733296007
2384742489
1628794989
1396409839
3814613062
45498804
3118521228
512612813
1844141705
919115117
2574190450
2325785562
4136762960
775568174
2757737400
1748923083
2544549727
3015268848
2587505670
3326080722
591111338
440575830
4166462135
4184941949
2888938249
2207146202
3217055612
57651757
2222856987
309440146
3163206661
3605789842
1852406008
968771265
3374517670
29947484
236071251
2544261052
679328267
2871849531
2467299840
1537606538
586494214
3631540652
4102400366
2824076099
1897816475
954153577
3663565606
1497782485
222059624
3397698268
3251304225
2547536012
126470606
