3514356351
2355472244
1372499244
2180565859
3522128212
3542285142
1939922435
105679404
662064064
948689638
1426545934
2082615705
1738029325
3066068313
3413332973
1995262270
1054451895
2508714123
3704657770
3756432461
1943592334
4216449551
2031667275
2786695999
1366540569
2757691168
1319788276
1468538576
2730680914
926426622
1609668461
1034124473
2015757850
1029569076
4038355779
2337472433
4232021121
1957204076
916956806
3182052319
4068109961
3804492629
2859939170
3241545096
4159197950
2195792429
482691567
1729229153
943926687
1291114131
2478711000
441799400
2202204937
1332748166
3621844580
3487351633
4048086971
2091908509
1896533038
564235337
112403239
493820832
886639569
2988021105
3138004916
620627425
1147748114
2062537936
1086198414
934711113
3623346724
3700016563
1556036731
3444430397
1058582102
2605947025
1368187240
4233342276
3396368112
3292388714
225511366
3388654389
876955101
3626982859
3800402152
3792526390
1729658859
904989813
769034139
2788209086
3843574098
638955179
1444533283
4044036648
2783560058
137732647
947547043
2817711539
3164287278
2147089953
703732322
564033553
267720774
1723431170
140884991
4173065248
1997509891
983432479
3179983732
2901533716
288761170
2015604917
3944867621
3332006803
2181443919
1100975687
1909408606
2830212425
1026765865
3356114037
3353310325
3843584974
987274648
2194174050
2191015269
3762172207
1174307074
586417141
1247474206
2821102473
698580562
3308610565
3945748132
539899979
241297693
575439216
188339035
3156271125
1896147698
364134691
1843701352
2690504150
394402061
3508936642
2870619149
254476710
1788132929
1353165455
2821251394
3667039047
296627859
2928751204
978223039
888495801
4292087148
1537055
2304541298
3628488911
2412389280
3519387106
2691165736
3296869180
4118985755
3626562440
1893651504
2440076964
3270098284
275914679
1636592473
2625133989
3866566419
137597460
1028245982
3157579145
218516815
2753318301
2959729053
3252294935
3187003114
2703642571
809750208
4135797655
1103905445
3009434115
204070594
1933473787
591689421
3406151745
3677419303
1842354215
603202141
946976709
4288190119
1450959031
961292578
1201115199
1539282
1807484509
2834739187
1984233466
3290184161
2613942457
4253590477
1239694611
4172087437
3276640177
2013593672
231754437
2265920822
1977808470
2247136522
727678668
385107383
3007492875
4214058180
2368661849
903288942
3649208762
3621887048
3166983547
2298660011
1919316739
2802547088
1156587747
972726438
3640614858
3584506112
4116073938
2128673322
1287554843
2197621600
1661093526
1728440777
809705188
706692216
343042013
3278106266
533861676
1119685304
3603137627
4158618096
4023098248
3433257071
1633377480
1031381209
1886119283
352931897
2314050203
1494652846
3837350435
602399971
2130173004
4178054276
1268168360
2434048081
377683101
1800429315
2868990598
62825412
1831872401
301696836
1365339428
1543713778
2200479939
3153421389
2357930622
646676769
349374092
1309355081
17003455
1056329412
3363507442
3677823934
601692773
3713210377
114573997
2807255692
1045702950
382212575
2271085493
3464111825
3337885231
1908146059
3400034932
3963077141
1682988984
1534072261
2187609213
2090979546
607283673
2919796835
4258327233
2743629916
2212237741
2898728233
1485456301
4136806742
3927001640
4227654079
727918440
2599332184
1578726888
2047534173
3419131150
174302984
1898035888
2132436308
3147936681
3832510322
1530572074
424473514
3230151668
2714191398
983189123
4033177406
540123774
4136931734
142665811
711945522
226010448
1943605534
906014722
508195815
786766405
579191419
2173055585
2312084897
1907423753
332518682
2821700872
3263802855
1091334560
1488002236
2981551433
2610904487
4084030802
2479944643
2593896430
16607984
933260172
178714367
3441169519
3180850637
702053203
3074776801
3389084299
1217195722
520918969
2699002288
2204571825
4068025988
1589921309
2135878530
1832178283
678173532
2471600463
1201341069
1015350054
4153894295
1524772417
593367843
229275718
2847902333
234232309
1817150165
347917362
90635535
528298927
3511525649
1075257025
1725582143
4022253701
3143375170
1829572947
1968337066
3721789536
2101107626
2633891712
3861552520
2084977325
3569038607
1638220720
4095601892
1360202431
3781807674
3290118618
2758394577
4122775353
2738366693
996344090
3272514978
2168284436
3832718928
3466949024
967872999
673866266
4047930027
2302859628
2787679071
2335097645
73762670
3278845304
2006100163
3874346274
422006579
4116800078
704612266
3352697186
3018723705
1869167139
328594245
3650943996
1761298890
3736876663
2013188539
3144641581
1865800050
4050150146
3208630275
3514713112
3033688614
1237789882
2233139267
3514262159
2594931938
1706413475
2221623935
3863103305
1900023641
3934352732
3522787018
1950314465
1488538692
685725903
4029491384
1713206181
2722909802
317018071
789588655
877853741
3916723679
262902037
2082179367
358903141
2039720245
888632850
4227573485
706365982
2925126427
904474829
1164858456
811910787
26880333
1427464975
888040205
3973992368
632886663
1907583818
268380396
151900428
3680766610
4000727436
943292549
1865924476
244142726
854270664
1683675172
1794499018
2380545203
3708986673
955298782
2107834812
2207906928
3199792812
2596211234
3656899345
2043064838
699158604
3903161024
372692717
4223554544
3842660330
3452725550
24384928
2579612151
2904812454
4230404280
3149309714
2310478110
3765649184
3061917868
1142239148
76737606
2448191594
1846216983
1253006326
3653447074
1703752262
3692469331
2647035319
1810301866
1438535942
525088869
2019638950
3768355938
1954193897
3025446866
1996796645
3411770046
2989345615
1450647732
1554867248
3435402749
690781082
2934315810
2461763706
935460142
2187605620
3199254565
3154563018
632140557
2006231094
1812858026
3160245737
591690633
1007404373
2878012534
3208733154
4222080058
1906608856
58177506
2501685930
3189618955
3936854756
299999617
574918599
3145299530
1855482507
3802068305
3679197073
1275214728
1794675544
3620883059
1010237680
4091878851
1618667297
398651909
1937702399
3216948049
3005597926
1838286097
2973776597
4182372997
888573983
393141684
3230639889
939020446
1748399569
2546025424
1349175435
2552929966
2109049883
2773129349
3762859938
3727654797
2528743497
2262266393
3634815281
1094809282
3013098847
4230018173
2200026734
1089472146
2862632110
3621536456
2585126862
1815548935
4149224609
1577448095
3314219442
4003626837
395779998
860125349
4046194626
598131635
1574822638
1083356098
1469607370
433458477
1889761140
557817650
1467287298
495586463
3422619157
4224332275
1784668718
1301144387
2513820877
3150139215
957776527
410221624
3851475643
3139747929
302763911
3690545225
525733885
2442868400
147136013
3367760368
350402380
892946454
1264209145
4000012988
705381624
2043604345
3349287215
2895430095
3158503074
3713482258
100983205
282925051
3314275631
1222486940
366141662
2436965402
61296154
2573337145
835622938
2285446626
2233134548
3264009253
2283368242
3678038003
515317663
486468073
289550695
1471074671
514338002
3444342915
229630815
1177048942
879514041
3265044418
1199192724
721649276
738552770
1602138756
851628096
2141736627
537300834
2741166682
1855402325
1336937075
3540537062
405771642
3381463459
1464850526
3522823421
3869936127
460710128
2273292621
1083029703
165709321
431254623
3625959899
365753895
486370541
2040211302
2993286950
3548505447
3613423039
3066339246
549746761
1332638042
3912625579
2540623098
203369501
429082537
214669435
1194069332
2651871324
399643380
2158062518
2063635372
1927477539
3882179888
3688477131
3552150743
2338963053
3221694862
3846018370
4286212075
1077314404
1303034045
1319966164
2041254979
1633350749
1711228188
2569929652
3920112112
3802851785
3456233842
2882144492
4160894138
2830202990
2436619400
3632996514
4132662694
523884156
3722355253
781516444
4201018272
2278192332
347594646
114627165
2191700553
2570496708
2941246175
1315435941
495796438
2180792201
3461577548
4270917279
1651039118
547292857
2089448809
1496117394
1964602415
1008378856
1046070336
867986628
2200504909
2151166829
679813344
755346226
3964604804
4218554379
387620033
2153726293
3913223964
3822206622
3521962002
2103544183
3889040236
3066183193
773992799
592376944
2736003531
1503017583
1447853892
1411770963
1575040100
689909145
3834599722
667663716
3690681306
2688267935
492586090
1819316416
3717991521
2257632039
3795315437
818919618
3475670239
3399806244
258149457
4037713188
3262057398
2766420201
3407278969
2360859139
592759042
4227582960
2359557537
3675007747
4069985476
1584806768
1690554112
2912912239
1691790512
832915181
4073727291
1035393311
644324257
3060242178
4201361806
1621693363
406400544
2307654944
3556696842
144429187
3535079862
2231084356
4179484460
1494420816
216311789
595674395
3522104512
3822872021
1805101896
4275385155
2296657220
1576620093
2862280900
3554590553
2777075860
2353315948
1085590068
705215786
2951832966
2771984078
2708396852
1365349544
566576014
799472489
3240632306
3023492229
2324027940
4109717190
1676242405
2913549478
123747774
2534773897
3086540845
3378054219
1776019735
4003919958
2053034592
2992392313
1278493433
635284202
3319517435
1330915306
2140250048
2544281368
4178446417
2776989752
2725326922
1738863366
2153557884
2374604604
1170182132
2660379334
2949491372
3221780404
2483458287
2140039073
2989066595
3678616359
765201592
3390520293
2491233052
2690458110
4185119250
3876536904
1636034440
3549318155
1726190280
3960439390
896639936
1491743588
1073170912
3783022612
1870683303
3292398467
2665369604
2834255296
870308880
342099974
3419119267
4278789553
4248851417
3830615313
2172352392
3468330927
1774892673
4293594806
3905796027
2674990322
1056617539
1799624735
3482799240
1436938446
1455521897
459134954
650691159
2564007005
2956255374
3503855669
3086006341
4066491254
2976367081
850402247
1862413550
629818205
3401175586
85163274
2982763442
3978639763
334732584
3820982462
3268740460
999695164
385569219
1436361699
1418143450
739708533
2871670999
1993539810
504179153
3978018136
2717144735
4156652595
2235594388
568019612
559891574
3376067237
2865765813
1926115201
456930838
3474250765
459357959
1060317812
2163200769
1605034814
2556673537
39666874
218588394
3641888387
3752397885
3470821346
1838875417
188604155
2595144670
3505767725
2005572594
1427148116
208856895
1367819688
3036021466
1167688228
1372399942
568335703
1987558057
2400578696
1171255349
1691003769
1543035109
1292915356
1647796118
4061028524
339122916
3018995903
2505276527
820448609
125570169
456916106
2892907481
4264571078
1807552471
1214292093
3187682132
562432196
2882827145
2576671990
3867362559
399663477
3925548229
3543377193
548023672
1613004331
2288952497
2048630885
3426502177
4166471373
2710915591
674404481
4249532779
2308592190
3751621637
3130976621
3158441590
4096546835
2814120653
3682980867
2973987589
2722818969
1727261461
424596989
4068729850
789049253
3791497370
3016987935
752899707
3645903948
3975192879
1191806015
3160819713
4095902229
2354900267
