2150075692
2212277800
1517398110
1454350285
594981839
4262138739
3747804315
3078784483
87067468
2567975960
122419962
1747533999
1531860358
3646335600
4191094802
523382346
858144724
3040724627
1801236238
3294876146
339597068
4136543350
1105433680
2845063210
2388227320
703394682
695148686
1373911184
1375120683
2504371099
3666678518
580661243
2157248371
395477596
92390962
2592112636
627690792
1601626301
2150636080
3229961687
624681204
3939723222
546801812
846540374
187847852
2668097753
1338960628
164722145
3787492635
1418247989
555960886
2491205230
1310691994
413911474
1484928787
1025408717
1111396422
3914710023
817894862
1710877193
3606075540
2560134567
3643349414
3425380315
1906977670
3551811493
1843247500
3809213077
1760038397
2481977298
2388331074
2765471336
394818972
3889706649
2745926989
2949501916
403028571
3254861916
904148136
3018535151
3518333062
475085256
666407216
3214816338
3580185152
3255435646
3932437096
3784578162
1616396703
3256540370
3180050241
272913257
3308650814
3258375615
3580711318
3467418712
3290277879
4087718914
2648819203
2483715684
488172277
750690727
2781564955
3639066931
3276077294
2086467651
3683906092
3083525503
3252851238
3765066947
1942748272
1642216617
3862406127
1284688082
2918161240
1951245005
3128238440
2458874150
1527402396
2980439787
1893841951
1630277186
4112370970
1197912685
1464555229
2406146474
3379454099
2420398139
3537286422
1358467780
3855667672
3775522195
1700870895
1574215066
1908647575
3486530400
1507800904
1432396333
4034912056
1073803158
2386568171
3923511291
4046644190
1378115168
2627151057
4274967357
52138547
1029208448
795553637
1693747806
3461060977
3280552858
7066988
3571089118
3629160588
392718267
3852304021
1634703283
667842658
929433221
2326533136
4212530712
1961241645
4278765351
1401115947
1071536008
813787004
2230059959
45955311
3290909697
57365925
15513329
4166991539
1084826710
392442849
3794746078
3090888636
3099027080
3108349803
2013064655
1370561109
1243485116
3083513819
1078471226
4056906914
2943265289
4127804966
13766854
3036607581
1309282968
1737000996
1909276074
3730960534
47082408
1031131999
1582411160
3610673899
1124630887
497130388
2131350410
3474403648
2131663420
3212800609
3412488700
3649029069
1100998572
3078771910
1047608256
3874259410
563972813
1510006658
2733720337
348188545
1529228700
2297100254
1983265054
2005537274
369989032
713136977
2382926501
3420270894
319009484
445863296
634147422
3370501741
1246539713
2293735791
211048368
318505669
2958233820
3754032199
2899370701
2587666650
1348375178
897289958
323270484
104381193
582116824
4089598860
2495538468
1565426662
188852738
2766436952
631329731
3052468525
143831236
3436123315
1942896040
3133325211
3115552461
95822743
1101789606
1527445532
3747037083
3149597159
97722371
2455390628
3998717850
489362580
3220053263
2715072527
3743174742
1982486423
1020629437
1190869620
1271627551
3226811233
3196740134
3460275390
3286828329
2723936186
2476755068
813149803
420845109
1615953150
1576132607
1428839652
2722952592
667171462
969050437
1471935382
998383378
2311609698
3859419848
1320280600
536821469
3243014820
3496925020
3785838691
2550039537
1183389046
2703160366
3832130484
1153155198
1334085672
3564146532
3981341878
2681132254
4051319053
11870914
179764844
3252065666
3045368118
2731089762
1403480004
4051755495
1307938659
1287710967
722869166
804451522
3305784852
4289539122
3627234637
1379277065
295939585
3709835943
3383007381
1613717302
1308393697
3010815492
4280471642
2757675806
1817611006
2661880508
4055616597
97167438
3423863093
3175410537
358853230
2544000563
446456163
4128561558
1948960267
2874795238
3330242431
1224918537
1123428251
2373208797
1627228986
2194068526
610740262
4178752742
1075451099
2041049513
1094218431
3390857061
392680585
2695408417
2187477221
3873128425
86165170
3313725297
1994290548
1397944306
587904025
136365456
2354220083
2428753467
2719975633
3341617494
2478830848
1004308582
2585663940
1032166178
4036761799
3707448324
2597874385
1670385163
1770170627
375475841
1628652274
785844116
2974239444
2459631721
2690595401
278944475
638172893
38862164
1889597611
1508033844
1869376161
2123442868
421494816
2619139247
1728073216
2052451196
1903175397
4168071044
3803649620
3505918613
2497206462
3672099981
1420659495
3066030468
2317769821
482437319
700192405
497239759
1658289604
1316266364
1327132116
2409563732
2875769538
2176836944
448878312
755126814
4093660118
1694701268
1752321498
2979065521
3040086368
2421838389
828651876
1691745968
2042721036
2167373812
100426236
1852333248
2814715711
3149840641
1869230289
1328258430
3768287850
1165636410
4124998541
297765270
25312317
3486697739
2326923830
3126584730
1856970418
37732672
3486218580
941848072
2876842639
3398245806
3826668465
3985757572
3495794086
452103004
338803325
2464517778
3248593535
2370656701
3706032275
2422538769
3730822222
2474073568
996620117
2214108120
2711163238
3448519092
836193429
2986628991
1979639259
673279480
2510866129
1284966910
480348492
1737711114
2356643346
2303778223
89311625
2208827581
796393058
85103604
2895238080
715605510
3986400171
3139574944
351705286
4135310101
1412671794
484156807
3005541164
1976932310
1542751995
3232062946
4011272835
1015683543
200055497
1175370565
2303071601
3555422242
1049165297
2166430976
3469136276
3906439432
3026999362
2772003439
4117761054
1740183309
669256876
3641181557
622826350
1001309019
3243658204
1536667479
3880237123
2007145684
3157133357
2675049362
4247973101
243444763
3027527550
1473884961
457150319
4250365313
2363564478
2325767210
3737203501
1864605702
2661534748
377520931
2355011401
1469892348
1093626702
1202593587
109962006
2672952871
3246916595
2809853025
306343131
1005767758
2601774193
1376217021
3801181259
809286412
1795222361
3637544238
991540305
3914797304
1023086242
2305349750
1036226313
3445349264
461655029
6087685
1119759459
4079170088
1855490109
431662434
4258790732
3389304198
84786983
124132923
28243632
1616756832
3065508701
3511246900
676901819
162040320
2844000760
1047485174
2218797641
4110772305
680653662
2375926220
2138085783
1692698008
2513008443
1192420801
2474537582
2705609132
3824650681
873126021
2464153253
1367534462
2209039841
568151841
1457014566
1495067678
3901427136
3604384991
409607653
3992950071
866901514
3400123593
1726670666
181493881
2469510336
2167730959
2092299900
135151860
152785700
1403203558
1269236142
2217375120
3166930748
498446056
4184439149
1458925860
2828966095
4018907977
3319442389
1783944907
2162885168
2304724820
3092957519
2619814170
2650767912
10400874
1093750737
2041938812
1017413136
3741007501
1974178489
2568026182
4232255703
896764873
2738544367
1090350405
1392729979
2811448398
1744884159
1922039039
1687050829
3680505520
2509637918
341251063
978997960
2610976808
1384395046
3340014317
2500474442
4062339921
1465364174
1648852874
3651357866
3895575413
2542572573
2749688040
2827972435
2569004293
1824220641
2824350010
4146023689
3661869517
1714952942
989172231
2605466040
3505685156
886479487
3827123468
355962612
1845692947
2679776686
2038436373
2305320295
4102227782
2862745336
2915722403
1758508385
390482863
983151351
1209062908
3130072893
3592128438
2381794901
3986446897
1220517078
2616847352
3433095006
1480975608
1965688219
1369078223
1027069505
2301668877
768741075
4030357011
1258767340
1501401984
861821460
2534636194
4201466462
105007259
2938835744
2677258228
3245651846
239080276
3881124043
964055759
3132673317
2495789087
3243174465
1074163859
1529007886
3112451281
345676665
3412583152
3495370208
3455404456
1850542327
4036816992
1090052735
4077027762
3389696980
2188900156
342485775
1673575210
3261188622
3388521779
2166412520
3882249066
807739109
2727624716
1836947577
1926203908
673779835
2412240288
2843630924
2057207920
1259117032
1408832010
3028171991
2948378374
2185465057
1936219127
2285302430
576794620
2198802952
243471860
3035054579
2585506399
2455431264
3988761408
3485392031
1651811117
989780242
3891064183
1919491950
2113389816
3436144257
2082096743
1972739280
227475741
2267445040
1405542589
3435526105
733363171
2121691804
3784517724
1258554395
2804329247
163574458
280624828
293345654
233107631
350515447
2924829370
3129137799
791092260
4045877384
4041597129
1429851564
256047899
2104619249
104038312
1931461225
717354611
2448292013
672469551
2149372554
2247643287
2736678490
535375999
2946289018
2750517972
2206269794
1625230900
2261102685
3888827712
207891850
659108536
3028619498
2699596984
4178698911
888214164
2249498783
2327380743
2648512679
1384953403
1429278962
833348237
582741803
2182688270
2799961443
2516092690
1806510680
3350614715
1762350073
2620706592
3541355151
3131515844
3584336274
3191727062
1149555017
3186737081
1526828474
1096861667
916573337
1973849739
3853137523
2674220645
2011517582
750230665
821525476
3372075858
3143617020
2466760715
2191218344
4187904820
1365928793
4205691334
578244066
2350251079
3414892387
631349470
671002976
4008483648
3154558520
2434092440
3044917868
1992409016
2350207289
1821764202
1578453316
2391021759
1082724170
431815080
1226298675
1652021401
619854995
1397123658
4132642560
4013253906
4235710818
499573410
2685027313
1390381129
2423944232
3276042198
3782032413
1473468031
2638267710
675727096
1529713078
3783417437
3370141393
3208616809
3294870842
1017632469
371597693
1306525816
137977257
478809994
4262221245
783095689
2077233966
138923691
1129213282
1976371458
2323166270
2795686709
2787285877
1498039490
2529741268
1301817957
3199347980
2030664392
3978699567
1034331269
2891113111
4077045300
2144769638
2753703130
115584633
3799003713
2683733335
3458459332
2265009456
3043407918
2455422740
243315661
3567382672
1717925119
2323347909
4087841340
2393833755
277688559
1621863681
4169375017
3902622958
178879792
1271893496
3667602163
3012860608
2823811531
1658812905
958404060
415269470
2664576778
3927858518
1397408516
1110516140
1787225842
2702747886
345980074
1280023441
1080150824
2669460107
3603992170
2878328255
449625430
2996922476
2784450549
328099938
2986397080
4058187665
3763426754
299030757
9536524
1697721481
4082900712
3184403104
13934027
1352161300
2846676322
1828482616
3065844352
911569669
4159277610
2610068562
4180529990
4080367574
305609301
2523905032
1729463202
545994757
4207009253
1811679132
886911152
691552139
370981567
4024905104
2890546941
2272844209
3701539959
918618746
3655946152
4263120906
1628196526
2081370952
2672713480
3096253971
4114736957
3044414153
2364980153
3158408120
719509584
4162184941
2966553923
2863038993
2848489940
3163928248
1970130589
2012195605
1490441740
3841943414
2543082206
782073213
2299256809
973161213
2159998770
1050900278
2104577587
1846501055
3344849428
1923930563
4067089217
862718446
2245737535
2305595095
2658629895
2688992372
3670181759
1173144080
3322155630
3064394910
4272162718
760834056
2377161161
1279275024
3707392376
3633837844
3154930122
981179194
917558694
3732612572
1116357911
