228806293
3365077811
2345513191
1580687818
23476979
2040120995
3913502260
1198880371
4155916466
4247785078
3515789800
592520042
1431935028
1587537503
2904492613
206609167
3014296337
40268640
3620214201
1909501974
1405706724
3187135523
2908433745
1706773259
3822795325
3521602823
1489168950
4171998834
3087266269
888326578
2335273875
209512197
1065707165
2594140308
2565028505
479173705
1455995679
379642818
148628062
2552572424
301309929
671565285
582699806
3042087794
219382292
627482810
181662900
1570961489
3032064816
4156710380
1208158900
1277990226
2791228705
2030782112
1616100741
1237566884
3579026212
688917962
3672769272
4267490199
207120389
1238407914
3078059255
3226809565
396380713
3485754516
1495082902
477615114
1210059209
1182416926
2834892768
1745020926
4230651
3017121182
744653020
3343760101
3222439073
2979045794
1419499761
2801231378
1781807278
550674191
1022443108
2624658092
2953371262
1619209245
1021508715
3897069620
1717591509
2378451984
738398487
1038984661
3648704951
4102272115
2680860347
2849686574
2095769321
1160905467
238478276
940370275
1312389582
279680111
1121641704
1465320256
2024311598
4039070086
544747491
2884211901
1554887288
240923642
364211486
3423678307
4158054584
241241632
741309194
1244002596
4224844314
645425897
1308890475
408059999
2715964808
407272072
2422373079
585209497
3643351208
1186798669
1857933246
329624574
125749987
1514943669
3366807618
708932946
3871159566
312247425
761003065
4222761748
4110557016
2242523263
1224225581
3442798966
1028335028
2548880443
644445701
3414776982
235405931
256522176
2517905597
3362898500
604306291
3644987207
291158753
3005136273
82449829
3872298038
180119155
805804452
2961642849
2169416713
1715149620
3440935132
2528134120
424270078
2165846707
1248898428
3717124393
4259416204
2711124467
2720125913
30604567
1893724290
20357159
1433123573
1173586324
1443669529
1826966540
4166640658
1328143771
4038010284
4275422161
931753898
2554857803
74909980
942429918
2384645165
3502952667
3260642007
1632853165
1063023821
3268135934
1662951191
1236907860
3953188493
2664851702
3020279269
3391558498
98977632
2952429051
3632754016
3316615908
3006634802
540862159
1398106739
2285171900
3628226108
1396040938
3921766373
3766535402
756315595
2501033842
2729829904
2097957385
3477559263
357095075
1639103567
374229468
595289108
995984614
1757194271
246221047
4008056162
3633263891
1501302776
2708834535
1829320016
3919090022
1538125427
3107286775
3553739835
3143908418
2867918051
544337539
3275739815
2203596365
3590173576
1705405193
1255980580
842713058
3783895089
3922439668
3474974503
860091987
510540474
300387926
3910357794
2853346296
545667265
97257266
4103198717
3653375280
775379885
2608946720
1677851821
3419758828
3313825698
153443142
2588563319
292089308
4148410984
945754288
3789118000
986692444
397429888
1053569229
1413732197
2510486632
1649013894
1207181853
2792806879
1345884711
3965106103
2049410462
1579250048
2013927518
4094872806
4116989759
899068319
3496569363
1088676608
897150813
436793689
4228843670
696451069
3215299922
3079157517
1678412086
3302188356
596229668
293074016
4162233505
4129484560
350548629
2239786497
2699313350
2066841030
794508527
866658887
2322836561
3080427409
4183546211
695857224
3947757093
2068466027
2370885265
2624131051
2693014236
3932929672
2410182610
2912894657
4236077706
2620893497
2863185628
3947365725
241320185
4060699401
1062760736
3163561253
1212035034
1200469941
4058926889
846509847
1919848438
2349140370
2651304883
3583834124
2850062900
1216560871
1778566191
1312162068
2132085791
677064323
3252170056
2391935994
3890175991
2558241728
2241080785
1267268556
1906684631
531808697
2936102765
2512360866
3058464437
3164624708
172455490
1836871549
199158127
4199432603
2297738355
729670739
2175030891
3994888964
2856325753
3437178131
4213787488
843972681
1582380763
1946478018
3151515856
665052798
3146112211
367979603
994387061
2567871283
1741041776
3852067514
1328975450
1403636159
3058852199
4133147009
3875456143
3098162430
866105238
2733214157
672919911
2064301587
879615464
4096918536
2716606633
1252107637
3970696305
1993105713
3290192896
485844046
722798927
4117247230
852308342
3472083751
3175263862
3898052350
3049992184
3622697647
2069422907
4158799861
3400397535
2275446950
429299194
1183734816
2380503871
3227843846
2953129302
222044342
47891353
483101836
3196654071
3131162716
1564505573
1941996582
2922945298
2625231684
1548242776
3675125284
560844916
3556164752
3211797125
2411962985
2700465937
4173872476
2100092468
362111817
519846132
3379073933
3094328663
999634289
2253102066
64772081
2294064002
2864530879
1404739049
708628372
674400487
693889922
1194586786
3859388660
2433979156
572002661
2673568287
4116870529
240817733
1394460649
1643210239
1971508275
2382616335
2023813843
1731446601
1844182021
1313486552
3980660450
2893504249
3114401968
3085802481
72053113
4224234094
2178836345
4008762411
3463121835
1461813929
3556519622
2837051982
4163623022
960488385
4139002713
2250843874
136182808
316623472
2219550323
1859819188
4049516016
3492898243
858159714
610006016
3753652793
2213299600
2323142984
2252461815
768131728
1863086167
4214741329
3809447888
991722571
1135732109
2234874530
2107796149
3843276165
3622761521
380717472
121525186
827232709
2166496664
2644179511
2453173294
3932996748
1638319019
859453585
2137471031
3506748334
2716949959
3043584776
2556957357
97883634
168067235
2611123236
719139911
3069916174
3439663478
2644590539
1856521775
1283948240
423645210
3611529156
3473307478
3489498149
942445456
989391306
4196306036
302846705
471125168
4211127968
4261438544
4219679701
3718642203
3812149260
181202802
819982757
3999549123
2943385890
332667490
2507949390
3995975336
4195516732
3502245424
1618346218
628895817
304377732
648188179
3393459086
2278576419
1133670833
1768665550
1400258310
667257376
1862624085
3020073838
2031617369
199606832
3476385457
2233376655
3299393615
2184205774
85415103
1791836893
3953215308
745575188
2687553499
2104547278
3940934549
340745745
2581167852
1133110903
3407031949
3803903711
825739897
733997450
448747776
110165860
2898740800
2280968183
308093229
1122274646
271697318
2459952660
320762275
123683776
2158854474
795888219
1548898218
1733220155
2362427664
1340313896
3067413201
1444249096
2744115774
2169739053
2502705137
1916795490
3319182020
1898996614
2777718454
1700321842
1163637685
2452984485
957878727
3787329802
1755272541
348399207
2437965182
4008864625
2773465933
406569450
1369884081
1775405530
217795633
2621679789
1208129491
2248779343
3463269946
1891337200
4066941800
2325555122
1288016675
3789609617
3325221017
1238509777
1536152801
1457388349
1573466434
2116321226
2293452970
901366435
2492366889
1322415303
247367015
1539126305
444607809
1326204521
2568138996
1919416708
475602690
3413200527
1963736816
1468249653
4029051943
595213437
1465138191
1645532238
2956435092
1529988992
2340873370
1851361988
3693756196
994001702
4009552018
1188765914
407493083
1396857103
191293
781829541
3665865512
1605104390
2096480413
3273927467
1708776597
263215503
3267223269
1695364500
3522213213
1525248101
3094384640
1263509911
183003076
3107704644
1920267739
976780504
3826338224
962781377
404811352
2847745971
3969343031
2998973296
573466796
2295448318
1383982163
1066726214
2934839607
2746219807
3687440972
2836899512
77216190
3073165649
468896161
1504890760
3522631890
1426430590
1342397577
91065387
955013683
3825953760
1196824654
514761531
1516024598
2197720146
1300074800
3952423375
2339841846
2730748375
447045952
3856682156
2319040941
908503082
47809654
2679755811
2059516613
1280568725
302057846
3753852516
3889848957
1485390835
3596278034
3735833557
4103285959
2757283776
763086845
3153477218
4245650984
791743715
2466034084
2963331303
1972024127
1070809482
3932553462
1667321771
4140053110
2171661224
1289614241
1549236983
3606147426
3215890247
2450201670
187951939
1990731992
1569269007
1082892770
2746289125
521480544
498093035
64806468
3088065507
1708234572
1449434582
1294779353
2322508848
2039701033
662459350
3757642487
2865877297
599835793
2921209022
191885582
1508758688
113216214
1811618077
881421177
148183680
3084655614
1535425322
2440115211
650619937
1227586323
1750158192
2486738543
752798607
3550984542
345218232
2616205922
2348014397
2359488774
2910849115
3397798783
591990581
1244580945
451335782
585338605
279863346
2221472363
2531041689
122824205
3078448398
365594586
4131739575
395595722
229795625
959373104
3013912424
3459321882
983481913
2563306117
724239772
2115225039
3414820463
1401459746
1180362947
4100566608
217704359
409484072
4037403273
2157966717
3527895852
1039547834
1020498516
371753287
968508173
1439336349
2927192938
2551648223
68372995
1229334052
2599123159
984320324
832187744
1111038090
2047382872
2713036277
892270583
3035037269
2468114868
3940575169
473775063
2332759746
1518605595
4064665025
686309900
1136146938
60398636
1266223965
1318061957
3392123407
519607804
3940339201
3588003367
1445437102
1239252014
806077738
2475444101
3275897564
2629484427
138640672
2636693910
1842289003
109332268
3080836579
1648855359
601021039
616266246
2934066716
2083417632
3128044745
508815245
373071393
1340330992
4207729844
3092307385
3983357797
1497152529
355350674
1070700614
1048793141
1076615821
3957081062
722094366
3291554975
1048343756
1025845885
1947239997
3406645708
2636047877
740452315
2534968945
3668460253
322563993
3028228557
589636153
2394709264
2194407402
141514993
2550864794
2504609246
1709473103
650813212
3393422546
3093412156
3350621020
1819146182
197995534
3291337031
2958747616
2390148775
2243751150
319989745
351285248
2042926574
1476564414
3214975105
4134823973
4262366274
1727121206
1864641602
1411827242
962197682
1982019708
2172516431
2751166607
2970002360
2861801167
3118674756
1791102213
847656625
3870214520
598857180
717744096
1671811788
3328252512
2121248065
2130353896
3432187284
2270998601
1826467185
3818308244
1140561324
2377469959
1168960925
193076509
2943958175
2157946677
937486070
1442451158
3703917929
1884760576
362743873
2010329529
1000946972
1229392999
2306280906
4235940495
2870298071
2725370699
60107552
1767658931
2380897372
2064589157
2409817285
1405139346
1192658953
1884770213
3575413224
1031096588
4166336669
144538760
3951471371
627054826
27496122
132166532
3541232376
2772852867
2194649147
4028384896
1603845494
1304031994
459887358
520015961
2974032898
3157649910
2017306711
3895945117
1655285339
999246333
722593432
2113421203
2686901570
988457263
2777331694
189028444
173897468
1475009172
832307423
2835960086
3438278100
3058901247
2274370843
449808204
313326969
1897108389
3375606036
3982997829
2691790869
3999690324
3311339816
1183743283
1939835103
258217600
3176687752
151231796
1227149617
1157580179
1984498737
3445912301
1580773777
690977258
3108076415
1273155717
2907926205
728586593
885222590
