2465608268
2063542529
2985628954
3555196060
780035258
3682702130
44806828
2384132404
4144794463
2220410148
412744654
3262457012
1072719103
3826482684
2588192414
2360454169
1866585198
3688617025
1893379013
253228249
3230068192
1369340474
4195572191
665215858
3016332589
4147973412
1218847414
409617106
3461474008
1203907615
2001625362
2512369885
2381857230
2615622719
4100978006
3972556047
2558243354
3150264563
4279530019
2301665477
1745310789
709556237
1840531566
4275328501
3805791193
1655459531
4082506421
2313704557
1031240948
4039298922
967782647
2063243266
3278283202
2732252557
2007038194
1781313474
2999085204
2877862130
925696271
2583613839
1554912426
3696317372
91591166
2330801204
1617322052
3965904381
1980764395
3791812910
2666935347
1763126652
1020477160
2546319178
640387981
3003501653
473477164
2195630007
2346019199
2554693060
3526286930
543642269
427856621
3752107553
1795878336
37154726
1022028633
943296551
1376513587
2814909940
3900227796
3616213117
4207251482
3817049122
1073154410
2055205770
4019571955
2532279598
2698037698
1867944064
2940470544
1606269915
2905350871
2295810618
2806779804
2461211052
2343823719
349682577
1339800592
3161823006
1410713018
768225626
2660389356
624781470
2931613108
2563649641
732160215
254240681
3473623105
2826868007
2806043928
2029360985
166687359
1279443120
1329705329
406221333
3319349882
969948820
462669064
2345431117
2429374786
2300476461
1549457955
3868515890
1929797221
1957677116
3786701354
2966070608
4195166485
2522200647
3529949038
834975108
1891102426
1123491760
468687659
3217222377
692146583
1156917879
3917793895
3391041057
769362307
866874128
63317238
3555081601
3771940174
564350030
588870702
1189129261
2789034084
439468201
1870184639
923056107
2370121047
2524779887
343982659
3027958389
2204601483
3341994403
526849347
1654969941
1132423443
685391887
90305203
3659686740
626869091
197522732
602052753
3598345918
1060463582
1609207973
2699041258
3083744525
2347224971
3342665282
4221509932
1644262931
1372230697
2756084938
1067692240
359482678
2183099811
2376027908
168463360
1895150298
1007096548
3423045027
2605958889
3403716974
2704553127
1865997533
2803010517
738617775
2273820477
1609124275
1087303455
2969538662
2608879838
4002087390
3234194256
507685631
2946089219
970189959
1848508238
3236185142
2918003689
2712037223
1559884697
2645503706
1789323582
2517109212
1473145972
3414289121
1457069456
4096343851
1080047260
4180116136
3437589694
2029154140
3696885193
4119573521
4127916700
2805026729
4277613847
2949432832
4063728062
2957433371
3051654952
2332727320
307109476
2267734777
3009547067
725052832
1933882341
3403125564
3892003491
1868121037
1698605089
4061817629
2216642189
2883274196
1629262213
2583697160
4284153757
2192314129
302050992
2422188224
92383377
1153075889
3439611233
1120526143
3445001331
210603678
2089748388
119300201
4256718433
143481503
799832949
2745442036
938274401
2464340431
2967745869
4049631956
2242119692
4114869188
492115084
3756900651
137886933
2616591843
1422443515
995319755
2612382712
3142576122
2439254392
3370704562
1845510755
2915017430
1574391247
4255351086
1533179079
678537333
3236236804
1457209801
1701494102
709822192
3120900635
460053239
475983114
3875389397
3441281226
1769965064
1776444369
2689999119
3587817815
904750359
2730249095
2296265837
1703058225
1575527548
786603386
2624524780
3487965267
263351317
3253191508
454734911
1153836583
3797221768
3463737814
3194409710
2052304547
4206658781
1142954718
1316021386
3202396858
3711978741
3861111589
947825722
3877909869
2801263397
834163776
4012687719
4065704419
1013555429
3342415448
2202800229
3031190297
2764116769
963710307
3066078914
2792433791
344230804
1650817620
4209733208
3836081016
1561873941
320252607
3494416146
1060714714
2859776281
933450961
111692130
2430323126
2939456415
1076843054
3399774198
2447240003
79013038
362667455
1329074720
347048574
3674812839
3567762725
3490736135
2179581054
3478428962
73878160
1635531720
851004924
1334274443
2857635738
746859805
2243411818
556128735
4280421536
3110322939
2410921039
4173597455
2476548816
44129835
445318572
1156652737
570341121
1459532015
3222279135
36834046
3997581751
1646760148
1473797734
574186901
2364097323
179094356
1166577585
400674467
3539242557
3539740593
3207609223
3962739687
3079296616
2708393023
4202117613
4232094986
2485440705
3314080059
4044888912
1437839933
2079698173
2327985271
3214367206
3403376219
3548441173
3374073469
1397515614
2956912285
919939128
1862967514
2365312527
2877806651
2404467529
4060115693
1998796945
3991131441
175387727
2557982877
1439411956
1306506195
3218323326
4103742551
3471468462
2585270115
2782353817
1216237893
2125682100
4063712274
2728765842
3234181834
3339058551
3650800544
2942066311
2751918800
3364392560
1359827247
1992548725
2852673352
2331666558
2826059086
2406801286
2792910185
3227698741
887231336
4076727084
1474587768
319350269
4106257020
1152591685
1127463886
3188940630
4252241963
2476268542
2459050931
2797431159
4020009455
2773495096
3105514587
3929497406
3216312124
550045335
348988560
719741268
4139196158
1545555671
1197764532
3045880572
370016313
589722672
2704650420
4142059753
4014282377
1677880300
3147565730
1984379655
263380907
4074306920
2404961898
4178575896
3264652272
4293408965
2109654584
3145529256
818214709
3011410099
1058686222
731008368
138567755
2417128149
1184692659
1695863863
2453140689
3299025717
3763666316
2605654496
2240429832
952216100
2367972027
293938896
3686236098
3767314251
2966538943
707374161
846745656
2209100705
3233261507
1284126672
2712131314
4133535941
2125348642
1314546578
1840443381
1697231493
1748262203
2226354282
4074589715
990474829
101598034
1665029908
714762757
2378491922
1848397011
1873533083
4120022468
3393526825
3911573630
1626012938
999440932
2254140825
4081001151
3577260333
367272170
1588418841
807112119
2854795614
1959515054
975417387
3446080902
1152180048
3982329029
3600988687
2294279801
2071285952
1002751413
2979488215
2586783986
3135813537
3423293786
261762530
835506727
2441045414
1444096949
3490492670
3753450237
733435605
3181837254
2177542973
962640131
2237407363
3944592400
3811081593
296109143
3778839315
3975131661
1239841778
1991956458
892911140
1255850595
2138513030
1428729672
2855878133
2554559232
3922311965
2024801630
2501889772
3718357022
501437242
484411958
2986753346
7487762
3249170584
95840922
1884339579
4088406323
327723269
178290119
3368048162
4224766383
293401227
3165360800
2780642870
2832640709
4278282510
3773390107
3101146132
2651346984
2561333442
3406216381
2121165044
301271885
3757806037
2363698282
3454100479
1536499856
2527039395
2881448517
3652045625
1294671582
258498327
3840781195
1841785753
3354141745
1454680515
2102771828
2462260029
355817873
1506179753
2938418952
1789468618
2475339185
2843523900
2251809932
3922351671
2249385078
3628586611
1950069123
3032021343
4131477267
2348907550
2761159712
3155480632
2043037232
4164872289
459929439
890014948
2417733893
207950555
2978717253
2787177088
1835510196
2302595756
3345874795
1420032271
975579775
2059756789
1785210931
2753628441
3345331420
3876008660
3160675810
3708961174
1254247548
913829022
1651199962
2410160863
765889149
137975778
2701589180
1773123941
985474188
4053706418
2659711128
627762672
3385217724
360209844
1512241406
3325302255
2613576912
2831249420
3707168205
1474360268
1972727992
755768476
1112530401
206154243
1075253345
3967971215
1534892118
3573646967
306007285
4025039637
994709386
513597435
473765563
2191144309
622637267
337075174
2979683764
1018868371
3278123891
1379341643
667139534
3486026754
2600422570
3122015036
2270842430
2909627755
3103118176
4278010628
3054824204
1133735338
1770420209
2440748285
2074993716
1973546881
3884273484
1555063597
1642871573
1216611772
630540478
2607928222
2169940908
1721527495
2366846738
3812957193
514191219
1056565225
3241275461
3787197840
3609403637
3207783430
2096003526
1924481609
3107891388
2506649441
3390660731
2815968194
1478881883
1309596800
3329651417
3189728821
1602039729
4145892993
3207561661
1302013721
2136881749
4003836176
3199367136
69461517
3726378853
2859331615
927611103
1618766699
675183321
1384736895
375154563
1917475905
3508253338
1000824174
2193696057
274224714
3176718205
1966797170
1683431742
146740461
2506077426
1454905327
3856440854
2349295794
2672914781
2398528438
3584967172
3669281726
668850421
824327259
4017555845
3161284012
2098325856
3209380951
3649204494
2197235844
2913293592
3462036819
1238532123
1308875339
1480375935
3216763440
571580744
2008366279
4060969159
3083239486
2036253932
934051132
3480581802
1287501569
302630911
1550834747
2893005669
2918396220
3485437980
2157147399
3297848531
3432608709
2777231890
1102232414
1932946914
2719622749
2883956555
2386774255
3721255541
1413475019
1947360406
35540343
1733904376
3695107278
51865067
832524100
3460443575
3339305795
1120293452
2713041731
2237655921
1889119738
2499232724
982828902
3580894934
68372908
1818049211
1371096734
413397223
43821080
2794144237
56702303
1467407779
1045479117
1466860898
413162607
3535340405
262600325
1705603222
691995850
1653625218
2172943116
2008194366
1388096117
3352445923
3792418787
4114706867
4130930338
3248550149
3417776524
2833553447
2444100782
902255595
967475666
3275555557
4059300055
453994255
1392798137
1117746084
4245988748
441556586
1434686420
1700099965
1510855372
3318680325
4156590361
1037885681
4129865179
3119539818
2196033155
4035028765
1668270101
1736971655
3136733470
3059677096
3080646663
1531371582
995245941
511696857
847873497
243804419
273173990
3397435104
1132807759
1851673971
1449259557
3642598092
3652570663
3963079709
2847220730
462642971
3101565757
1999883310
611277496
2323859752
1575343709
1378130705
1250302890
3340209365
3763821214
3048806518
4094565695
1512389134
2738537860
3915164423
3579274979
1510170329
3455161326
3673797291
3302860248
3118724537
83264084
3429877452
1152565872
3533427461
294672372
1234503237
2018178622
2674301074
2124257772
2500966104
1450624945
2784363546
68903627
3248818387
317524461
590700740
1930724953
1199823492
957490268
1524285791
414696691
1143154348
2740244005
4162839197
2652777540
2587500577
1489184850
3597773930
576015551
2113109315
4220259698
2039079201
2538482234
2750819973
3872829020
950341296
2197372855
4294654709
4240556068
3412006926
3375803909
870634993
2159515766
69016490
759237224
3475638494
1148396471
1281689487
2168794269
4162209596
2260878998
1725582363
3921981986
3823836070
1617969761
3184552894
3215952086
1820925195
2629441961
1710226540
714372942
3696698200
3954474785
4054975971
3963560751
2268740502
4197720036
3909356220
4173335119
3649574820
2320047081
412871791
1778978399
1046971506
1723576345
4072201240
2253585924
2757088614
3675586607
4176285362
918214320
2704396169
3264747141
756004057
1473721216
595983277
3487652489
446436727
747995685
1865640555
2887575502
3035172309
3315680538
2337223364
557790697
1819530018
