2667103847
2102782357
1781696384
666004460
2517825853
2531669966
1755013934
578812411
3543433002
1487734572
3800632453
3617839277
4279690116
1537047744
914014892
2125660444
798674512
4014355699
1954933921
3985913788
3648034346
317463193
285103695
3553962959
1153519749
537667102
1859896357
766036591
1110358696
1700952180
551321830
3720156251
4202256814
2527654372
748706862
3231010853
2136686845
1403529352
387584112
906877920
1580700610
2554295463
4015342050
3579983530
1360319339
3852357854
2630620245
860600296
3114190367
3346017239
2395156655
639252795
3808316653
3061368602
2326903232
688904938
3191989544
2905844676
684340245
1162574214
2905843577
1223183226
1771239434
3944046533
3231915411
2321769419
604856423
1883878462
3863552728
739613268
3192903345
3254968795
1049661739
525431977
1045775590
2948935250
1664607243
2478894727
3908636392
1991380383
3239404542
2788223405
3070273532
2637903059
1204031969
3702064883
935022365
126780571
2679877784
1842872108
3220976872
2146146446
1428692805
3978809623
1734147213
3748388164
3832113866
3582068440
1446700512
704258782
482669728
3836046035
693561833
558615554
1788767714
32720660
3102924864
1241008710
388827770
1658745261
3171029397
1599434977
4071058808
2258458435
600414231
3608909455
697220489
245680682
516432693
1510318983
1303566014
1715407554
4160928668
4182586694
389359117
3088533014
4253951327
1782160390
2676188931
1004873575
2791575510
1673490964
1665652419
3674051015
3704382303
4223953421
1624597336
3705632682
1715932109
2079740724
1048912400
3681084605
2846423853
3683173230
3323172709
1442429225
2510850092
3854152600
645283269
2736022649
1720178076
2128642191
3560985904
2786416612
1908995931
3864891946
2079629193
2182139612
3440949898
375869302
224706989
2139084002
559830117
731053397
1360638008
737436861
1488682010
193209590
2354153269
1231298515
782412825
174914856
3780895248
3343515138
2980506709
1594442886
1897040017
566108875
1486080844
2700015488
1483068692
3805138085
2572897182
161023928
1233071980
1317459784
1243953754
2483681141
3532245844
1618198476
83695286
963698864
2833456723
89372904
1263402631
1985643845
2318660538
2389530043
2674527059
965629705
576044182
2227014630
2694414645
3943733565
2393520770
934702334
1082943901
3494261153
1167497537
2015179622
1274847837
1758171473
624841681
3629566404
1208002607
3424459190
4049486214
23330717
1951433558
3593861965
41557802
3792948945
1037601567
614516725
815810121
957510699
2328279337
1277562226
3032971145
2169071889
4137097808
3648822775
2203669701
3896348712
3823977191
598529962
2018440068
1865146388
775777704
3940491541
3342729130
3199929975
4181631921
2037931205
4154878143
3453131125
1028262069
1124739592
523288028
1878780844
1886034876
2450677895
3441910462
1423385916
3754952212
2759017013
2304293598
2666855965
2024451768
1502656583
777584556
2497141514
629559187
2711932774
204492219
3871755089
1050548339
2247193306
1431228888
3113708066
123802491
3477404814
81357754
575418319
809302868
2873082156
1200260400
3920808231
3914847182
1404428411
3133050790
1431758134
789165466
386253766
1590653927
2731145215
1546095808
991467428
720963350
1079710334
3849802700
245293013
302250175
4267335551
234375232
788486918
3893564455
4264847708
2013220743
4116618549
2400898165
12612787
620664528
3525204468
1820385979
2929414237
3269450407
284927838
2617110138
3988296359
2907834023
1033723635
3128520683
1703401412
2575314143
2913519756
1085510839
4130457736
588070362
3233812298
4199271449
2980764880
3861914611
3947178927
2224556691
601939242
3083595957
4059913381
2256219334
3815910803
2926836827
2234398808
1943199349
2197408760
787796592
1781038682
3645795002
3438131027
2514509345
1911290682
3168164960
3189846714
1212577111
1349336794
2186496149
3002130899
3232061808
3759141043
203153312
3078539361
3596234242
1510080927
3864830200
761810808
1764119015
644380054
420126863
884963892
3993957355
508862945
1587013340
399673960
1369181738
1352789863
799644925
191691106
3270420989
1608163124
3266888251
2124886079
4220063850
2368406365
2341302509
4074362865
2818569804
116802810
1956202965
33080615
1067273092
3743174612
1526019054
3083867447
962988746
1611798994
3802523812
601367692
4092995316
3208592484
422757552
1178561531
2890508006
1229262118
2482751791
4260492900
2509936444
1337966461
1696652165
4177613899
3590960779
1469808169
3576368976
1003230924
1364245610
457422797
1222992481
1826438893
385581013
4247342459
2865972128
1141509449
3241162052
760267274
2233280483
113809262
594179419
1239553646
1195734176
3022491842
3280220958
4268591430
1939361955
3186973286
1853978387
4127575889
3308841608
2599010436
421943271
3927385505
1134998173
862066791
2620056500
2882241257
4041031982
427102502
4117807135
1560771917
1924101255
2970620012
3841192394
1084170452
2506729671
1792858272
1747468431
2531322417
599516411
1319840412
3149584103
3810246195
634181886
2949415941
2838315773
3576916573
3961265191
2306519937
3813742017
2078664154
3316462617
3735633294
791918130
2644965224
3499727955
2614372186
1665871373
4164344304
2344250211
3510560696
3324830188
2390987804
2697665811
3194763967
3807528926
1883567000
605058874
3314681306
790760736
2479807071
1567724175
2143381208
1045171717
3254282613
1384175672
2457761064
3560063232
177657419
4174964915
3445313539
344281590
2475073156
1105503086
3394937364
3900840769
3541013671
577994419
3826574458
1375818745
383490709
61461111
4012206857
1764792552
1815935234
2147689880
3998729681
1064480153
768144498
3196473159
2506818328
4161603166
1275480012
1966384492
2160736797
980949819
3257271371
1673840800
2206175115
437301240
2890969284
3452191372
10845033
886984115
3297298554
983255851
2825453263
2798136816
54629401
1427950921
2743123890
1426270295
3329214943
3910543981
2116992192
2000840714
4125912085
1015996285
3118455575
3732444957
3751544829
3929952252
815302635
1970815215
3007019056
2629778289
1470310214
546607912
177223821
132588801
271313428
1003632103
1275381705
1152329233
2695112824
595276277
651877966
962109181
3736116043
306228540
4191966253
1076036814
1407481637
290077813
645872479
3936930027
1984502579
2380706690
2263765032
2653251072
1422478113
2053176606
724970309
1918394267
3409243974
1151812287
1780604953
401151100
459956151
2387147608
3592021439
637294922
1135019477
703258546
3964951690
2393091
1565048792
3367853454
1852954905
2003479622
680419075
1052469924
398235944
2373569409
498069667
2444431620
3045029943
2131989878
2482690413
3412621454
2164975006
623547055
3992751538
243150755
1315178176
354661611
3118313377
2063374987
3937260879
1054871071
2879970367
1076184499
327944702
3487034730
691861315
995945306
3354602788
2168245369
3630856882
891234307
665601716
3151822659
1438206519
1996374987
1273905617
2898196298
423261909
3673984828
568277855
1420014659
2066499341
1490177275
3794515397
2942961438
1662032183
391823408
4120110150
1598885379
326703151
3881028615
1341793418
1904712953
2113614191
3250018923
176348694
3282168101
2294223399
1586615511
84933824
3943923870
4243643570
2697027056
1532650048
2766958190
2922572854
3899595840
3906313250
2103334326
1162219735
801949773
2920391457
3847181899
3089858743
3533253821
3609549516
3446994910
1956598390
2751349835
4024071540
3241171065
1737069702
2194828606
2409268332
1228569996
1871762459
3080942460
1381320181
1104597455
219027205
699636103
1777872915
1432632228
2060007419
53264334
2578259294
4109146601
2456873491
2993718172
311159434
2546422645
201578057
3577485262
850504589
3022125262
1070137814
473513445
1154778525
278380147
4159789450
754546086
3545733690
3603555432
4010363024
4200189511
323532047
1065531116
1563147849
282331913
1602713391
6743080
2608118300
3166747317
418978791
2332999640
2166090227
2817909679
2615174726
3172239996
2209597753
675937156
2837691800
363438094
30397046
2666168920
1852551261
3421916951
4007992695
1896573560
3460827598
226775957
85892925
3467834048
978490535
1000463953
2948395924
153804118
2107728223
3453642041
3384071507
875459093
568020223
4264719000
2667722270
881085774
4283177406
2665511332
1703048918
775097183
1062124814
633102208
1104519798
3064914288
2125360783
783110071
589289938
3755119920
338519476
798144688
2523413098
181503492
440661297
3756248646
3987384527
1378046616
1467536447
2107284033
3410615094
1540706379
1942840913
1464192751
592615759
2304882729
758570019
3602854307
3082577032
2803624724
986181932
3297170529
490141440
2124168317
2584280289
2812587720
2368393980
2063290840
3339741596
856757830
2329394943
1762970792
3751575387
896217873
1094388464
2569151248
3309898924
664873065
11795844
4075728554
37600086
731310074
2511722867
374740740
1326361709
1862369514
1220619448
1035210078
3018678871
1392931326
539276094
4155559624
2851076744
120274484
3983736121
1802657637
3872561838
3030122392
2169903636
42976148
3143703871
2116283712
1719296601
3884989980
2362468638
3406209438
1881328202
3314826404
3371638164
558601112
242704333
2558542464
1802533880
37725743
860131492
3404212831
2389378020
1734154497
4091406748
2738006512
3759645177
867964106
2860715979
1686928390
2594697465
830593732
3610223761
1162625498
3408770133
1799420122
3562360816
78944530
566324823
2324326104
3038906696
3912683008
2951015148
1433428272
76956707
1276253137
1743907970
3931464315
1446281720
1561883284
2760547119
3749530367
1773889414
2557468889
3686079542
3257639956
2475925165
2801282770
2318564454
1393229439
83318852
3655145989
3248985743
3380322911
306333849
813227128
3610903509
1936639669
2082816154
2014100765
3917645838
449411404
1673485892
3941700662
2272776753
77713719
936536010
1236002078
25742510
2266024175
1932119649
1157740875
814495602
1448893366
965986675
1497602177
1138282255
1478286793
4220856247
3116388060
1809986613
1948533009
3880697187
2642873977
1113094796
1957221696
3871742551
1945123859
3625778551
3582614746
2887354982
4191228619
1619644051
3517493578
2642329778
519186668
1478384414
1329171194
2100923591
396297526
2748264170
2948847785
3097132242
3179334301
1799626582
3252644649
2768582572
2257523380
3288665739
2340863611
1139668509
3363948932
3742065546
3490687348
2030428277
1506617924
461572051
1630885217
2341469535
1535447995
3090640620
3420241945
2244818679
3622479998
3465105430
1184515057
3914129472
1057872686
2411965016
1850296323
3819286004
2668858485
2349519675
2270239091
3180991350
3873081095
3057627095
1266612162
1506130039
3658728702
2890878947
2310233652
558623464
4060516759
4207369930
2306722332
3830438568
3238593058
3251909003
432210174
1273095677
3512243995
752620578
1745272713
2104483684
3452389876
2758981664
548382071
3231924592
2296768539
2557444665
1264860180
2292894905
2332720507
4103523415
207886061
2600143731
2127787878
2022946351
977496754
4160112523
3443752662
849670796
1944175744
3326700047
3983401041
2014099767
586574701
4003403410
2581696916
3274218561
1461980548
1144680645
1417001443
917921364
