286433552
1743935132
991314569
4011502226
2463616341
3799174018
2770674214
1435135092
2994513961
4012901488
485915315
417980603
4209883000
2028431850
3651374511
2052632968
3789692295
3492820988
29647211
3656559617
1022821550
3483447668
919921128
111119565
2300351825
3871227258
2432683541
854402343
1589897563
3747712667
378047222
657434140
2848090660
3732808021
3529618597
4280724148
1749533784
3591292263
920781440
3688416716
1232310467
2760247674
2750398119
3635684213
3640086666
615465259
2377678832
1235079961
1694966697
171196282
2502483777
1778432364
1953472162
529753789
2245553991
495355742
132813612
1490036172
929194932
4083618026
2001048826
1922958652
557903341
822101432
3559410343
2569011542
1466753498
351953343
3811405742
799135514
2963521667
446132409
1192515225
1917708009
751623256
881894884
3215979848
4036310054
1627805663
2880262986
528571895
1871312223
3973273909
2695557403
3372733229
602412109
1325223994
756564141
1820050156
3036329393
401877185
308263516
2468301704
3382405666
3741484850
2952199946
4162460527
1682986450
3954021091
1710943648
3897804178
3834434016
3343869529
2426283969
333902492
1016515318
3723928715
4240134274
2101346581
1784412001
1431927476
2617866738
3846834006
17093002
4254748069
1402146184
729536254
1935210276
2370114087
1276595674
2195568025
3766861050
2691501545
3432533336
454335371
4092788838
4008882100
2958363629
3871052591
1377501124
228295547
2322833111
949071488
2498444171
26426868
1535969975
282193893
652600268
2241016418
3007488651
1470155225
3456013641
2683055829
3203607142
974329368
260205481
3762131602
211200282
2799299050
410953227
344384540
1513492299
683650761
3361528042
14351681
2620185530
1854835007
4087549398
2924713486
390379978
2230535003
2928902067
3277770265
2923315050
3342680350
3997012164
1112931116
1755148383
3676848820
1407184779
2692957768
3866757641
297494628
945118681
2074939169
3846315105
2514522396
39786857
3753965126
384651232
4198078439
3385969196
1917267676
778087732
2652926880
800428604
2663987
2200657657
581535254
2637088095
3487846548
547027995
2059720911
2958841375
2670230516
3211127547
232268878
1414079321
3468450085
3756684933
1617012129
1666276235
2514777694
125569548
1940768581
1866056402
3611531489
4009944948
1355422000
319375091
526703695
3463042979
3127922953
2956518726
2229629150
3495566402
2331477020
630254719
886482599
3502622469
168624683
2541291271
3169760795
252893844
1640727585
752895117
1531790476
1254407469
1613148885
84416506
157789029
143415267
3977634482
3639437466
565830805
2930091937
862823123
3500394381
3157103266
2995599076
1283567083
4128138493
1767873347
3800283883
77403567
2792869168
24063293
1460375886
1071624760
2329062846
3754400883
1923368755
3416255042
3628018242
1112425081
770593249
2583050868
3356364821
3038942269
3359611781
2434786682
1156164925
3275166149
927272605
652598010
2936691236
2515844670
1127437408
32835383
3763680104
3183733515
2657374674
3864626326
2389529821
1587932421
1936476977
3935167311
1959501879
539255384
4220499532
3576050796
2164699677
1054846690
3960866007
858674224
4110725032
2569453545
3762959349
1209622427
626130693
1181531914
488696269
3730787507
2952077878
1205107881
3320805182
458572093
3781663092
51347941
2765568483
3938307426
4278857480
1584823010
2427225306
4221818756
1360465685
1383347639
1553078441
191658493
1677658948
3073971474
601257996
923970024
3376489731
2824039835
376186674
1316975169
29844495
865710820
2712823659
2225502256
2377393434
454885991
2297434889
3439077648
3172548059
1288133862
865335864
4131980483
2248237680
1024698395
2428176293
2535894290
3258169525
496976934
867530025
1935917057
3581900503
3737056214
1407550245
3032951752
2065967642
3115397555
9962723
3700385054
2482840946
2385568002
435689138
3254567044
385191312
1745822720
950904412
1264011510
3183837927
3212176452
563658906
2084016368
1389192700
1025960096
2918962788
3264680876
2176167958
3603317500
3571984517
1513726169
2501593825
65884450
3029496899
930290958
1811477048
2500253848
2332386921
725348858
3667124874
2295094246
2039495794
2720380208
928511374
1486331674
698572970
3358763935
1128687151
94450342
1345387430
3998205868
1369941766
2443405325
755777492
2032826573
967186601
4215288451
2245411813
99223604
2918114233
2348010106
3938958367
3385292118
2502450380
1074378785
248588443
1972341153
1585236874
2691409275
4258613354
1751679126
1541197259
539154649
1167639707
1371061737
519736209
3973479366
2161551354
1664637936
1884569723
3022754109
47932543
1491174018
3998304695
559230479
3631807822
3274886974
1763616623
1958283240
3694872041
224634640
1412345089
2423706301
4194474063
3427030902
99573027
679521866
1145338675
2276365543
2279831121
3610025254
291820403
3324850505
2029857543
1439770198
2322914972
4143077467
232767491
3511011543
3325460042
1725120183
2774266944
1181571072
2009775480
436714602
2664231095
3550522434
214508802
3343540799
3038870727
481187630
2891988951
1496141760
7016315
2681863834
885207580
21242645
390193661
2268273067
1841560910
3766732987
3862216208
2539980659
3925850738
2259915930
555352275
3716806557
3361675188
113141289
3505206490
470358262
3003267005
1496173292
663923425
3063549293
694953031
1635602055
797165735
937792334
39095932
1491073713
208299121
251266610
2660787372
3695713498
399576058
3531743628
3496868807
2858722713
2315665781
3669438899
3185292802
2494074309
951990320
2223383982
1208998530
2390735668
2193412946
3924394150
2944540306
2563740537
1226166956
2112683112
2432032481
741491186
1558475414
3637973984
3576866121
2165806681
3563446930
3920827383
4166824036
902600498
1809763259
3818353894
2722476062
598162322
2662030105
1603795689
3191570036
1868633408
4184265026
1544339859
1325499021
562926344
1291018766
1654728192
2407147183
3147527849
4063112549
3655794286
2818047757
908548951
2388235976
421190804
2610294502
1241754293
3419883712
3893723942
4260694798
2240033395
3203097991
4055734074
2265404495
3659623074
3369959001
3098724937
1949578915
2046975878
992299801
429192190
2100335760
1317737955
997378966
3643698415
2771403326
1678251291
2454028712
3122274170
4074095646
393614338
1446973278
3380259008
2317037810
2058833846
3640857173
479700602
1964370679
3926210386
4048324914
3923536405
977741047
405266005
2970170513
2638002803
748767756
346259777
1070563064
3691774321
546844259
3686174978
3602527563
2988523948
4055407000
1236694989
1359293308
3721613506
918748104
2756091226
3522843705
1605743437
750253225
2311294965
423570409
173784306
588361995
1785128918
1318350802
3677854860
491602733
3882342606
2787427086
1234376206
2234883624
3797469609
1968175653
960698888
178460370
3917581839
1137992587
3880794339
768122691
2617887664
1559217250
2685643785
1745116497
2177594555
829215913
1841969408
602097781
1229132902
4203115757
3622896505
4042387783
2082941530
1503815550
1381552075
2987121109
3531316604
1797603350
1835264236
2257329157
2850724917
156441549
93688997
146004836
2599408228
1678378097
2382553726
3833359532
606276140
126333340
2353701694
3973176013
1206696953
4113881630
1390756569
4073750345
913558718
2290750305
1673914716
1756339759
2787659319
344280085
4026381162
45137805
2516248300
1020521541
1802186148
533075701
1392365603
3759407168
170041381
3118669901
2005250012
3522609972
1552803291
3319968527
3971051592
345182586
3477892838
1009511732
1545523622
3906829452
3093868732
174206366
3128761068
1166831440
3080345273
1802123853
4032671282
150679941
74278603
3153899108
1955901191
2711964238
3281072531
2424558336
4205472718
997263274
4162912267
455394641
2571816826
1636289515
2265276418
2770632215
3976044319
2406317664
2993755704
1134707844
551453797
1216062357
2359234019
927986365
4279828250
2570423601
2184513048
1840493274
316419675
4228342035
1383438386
3791967534
2416984673
1430827470
1658615193
1298539492
1540536234
2598117604
1558954401
3856521874
3056970362
398576186
3341702256
2183526992
3005999390
2831656086
1031070969
65756827
1273461035
482213380
332885329
3340526907
909529095
585761998
4008684353
1460684232
3759682493
3872063579
3912752088
945603080
3318757013
350070605
1791587787
1070724833
2436577145
98136887
1176874895
3173589403
486938674
3856916463
1650307702
1497604384
52490978
534692759
3593240217
2229655774
1609308966
4259725165
3661055705
249108272
2312903931
1672449838
790115752
3351060628
2559858804
4287857536
4064899134
1632250663
300338695
969174451
284101846
3778566878
1005333163
2813270972
212045783
1632100432
2906241921
1492421794
3514503174
1245420604
3328290384
332776959
3985523491
3299512603
102826452
572948713
1863491354
2880904333
3664743668
893316524
3982270561
3526297180
2131288881
1672385688
2132842146
1246464314
2734930327
2994303399
1122532984
3238085864
3520578698
848181753
3028817488
179021015
1787569737
2847651337
3166935724
1559583372
2173719691
4157741094
2194605906
104255451
1076957749
3163536963
4036474117
2805536592
713474307
4085353861
2894563802
1408576484
131790911
2783500109
2294926036
888370212
4053810392
3082283069
759893110
4173895972
3342041946
3371297620
2837793648
1113037600
3925228774
2027367959
1929447824
2582486093
284144705
3984252521
335605986
3080764487
752912388
147227308
2829877402
273121144
1445177312
170507287
1393144776
1858567657
3618213299
2934801568
2734713362
1517111226
2817458173
1044769592
451731617
2498714589
1877864886
920698321
3617174691
2742518910
1964810408
4194368387
2392186433
2987304785
2469861345
2055082066
1660910339
1510447746
3053755129
1977941341
887465357
438803664
1420840217
1830968541
2371796014
2542608332
3779599770
1592510445
3009551513
1721050767
3574945531
2800644522
2676268335
1843937673
1932028801
2709321481
3277946819
1356388038
2545299487
1495755289
3029936374
1032004573
3373202016
987506713
2252140685
3002921517
1775920291
2370862857
1790500942
3951247578
3841139625
381304546
1284986698
344183975
1728460486
1335577705
849637389
1257354846
3732392782
1867853581
48243560
4112546808
524136909
124543746
2046131007
2368253402
897302014
1481613571
1085959773
1275941005
3178041725
930009646
3195417851
2566978207
4127157285
3683942685
668454486
1261693581
2818541600
3309090533
3465493944
4012941318
29971559
2641507975
1413116133
2232340160
2191918157
4165777524
52341547
1741502298
2689623866
3304399626
4144199847
274748632
393580416
3296138669
1191635203
3297807218
41600997
2228041646
899155642
1507939912
2372421025
1923412900
2081590407
3938495310
2225215943
414442685
117173164
2657497190
169607258
885494445
226312305
609047487
931864772
368144743
4187605791
266712556
3053696997
303879231
2716874898
247808030
2415081407
1427954564
602038103
537745543
2899051715
1583257282
1632113967
3026516926
2884620079
2613978887
2331416645
1242703355
2685338445
3747769961
760957603
2593236161
4287051918
4271570477
982008004
3458279434
3273879355
1141912578
3553039119
3446517488
