3612968099
1190925579
2453010002
1139635337
1414696454
1952524197
3716924500
4032895627
2017060014
924991347
229564517
1660560495
666653172
1663652354
3278961869
2573092688
383657267
3345731556
814258699
4236206767
398650164
3170502313
4053440832
2805266352
2523148302
1756606598
1903636855
2149948045
1693106165
3530399310
2241520091
909163987
3124563897
1874289433
1806652580
853725096
2293570615
2542373632
566153856
840889463
530147683
1485815790
35609948
1792404928
2554212983
2118794859
2402558846
997802635
4056718251
1864602665
1461603453
2445546785
1983681413
623709988
609910765
3956199561
3408899836
1112121459
3955513694
1618250186
3947199050
275436814
2352277149
1034843401
1218667791
1422371873
2110058702
3025691418
3978739107
1263894426
3465282908
2155501599
706049996
2645057178
3281402091
2161723339
1430388808
1015054308
1011034485
1538909118
4136477085
392818980
1548112493
108294359
2103988064
221278230
985020078
182100927
1526877349
425183127
2106384883
617750272
4269374957
3950003329
2926736172
628130110
2661619333
1295961401
2245737767
2599782407
2388289361
156385645
2272905027
3096187186
2245979992
1736876829
4277644707
3375630125
2878604159
1261848042
387061146
3501019882
4098196112
243248091
4261906938
3048032871
1423995041
3756844117
1242267845
3238234341
929882412
3557759565
101877639
1806911702
2940111398
993333356
1227086885
1693816234
2374666771
1515836708
174401286
1313083689
1936950132
3039013849
110078890
1858502843
3423917748
2663434235
1910112639
2122574045
1041153314
2049044082
1461380381
996793110
3100962497
592182852
294551344
1909689573
3017225102
3611406600
621558663
2994564523
3425546542
2271747853
559198336
314720507
832964360
3070269684
3068077256
3955703369
2453435638
1199135769
1855121178
1370954936
643736916
318683168
2667882018
1052666291
1967542954
416352662
1212284571
2972649598
1658907487
2840466457
2447345446
2908423174
2900450117
3422348488
404293280
3306737695
1544914320
779932576
4254753516
4207200735
3793322103
1680410968
554707800
949593593
4118265246
3377432703
783914183
2540496706
920603176
1214489487
1699809051
412893367
2492581724
256113490
260590477
2875348968
2483662830
2745016462
3542616760
1429708916
3768039699
3422973108
937780774
773009188
1589824177
3516670887
2799432120
785422214
1048445855
1401227382
2820178388
1946431970
311983798
3745781734
3531203189
1930096635
3442628642
3604692506
1633353536
387296080
3231587477
2895438484
3010237661
2208918604
3258140143
3586524820
2202587340
2981839516
3167179078
452128832
582889828
3662381910
3095456850
2998267498
3560890507
181665627
1624252785
2333920882
3599667054
3820087764
4025790720
1956516745
1255198201
1059243397
2797881198
124049882
1455267315
172360199
52336791
3628187888
1926852138
1448225772
2354885986
2666897376
3793090004
26168902
4144683982
1487406842
2419205428
941157524
2025423508
620045982
3410245776
1230420684
613849754
4185660187
1009854483
1942034042
1834720882
3834851152
2710752869
238418627
1620301300
1849043257
3565006261
2195210833
2959908993
1551126048
1665891916
707897612
1063414610
2894507836
771552439
316993392
2099458154
3926033594
2093413039
3514466944
429995073
1946620971
2956595954
1637570181
3031720664
3729374421
62174054
806658510
1771305241
978055874
1750730380
2536595131
134920379
1424172295
2780175249
3789352198
3936881688
1352874014
3923504915
648752931
2030618827
1391838110
1922768184
477899586
2932898189
3907459782
2212699493
3066054079
173759512
4082178024
3628481498
3815273741
2794915244
2413494111
1713550718
70452618
630402946
3765423095
918363846
3391682386
1932473885
1713384117
3108628277
3669747077
1324791567
362453775
1949420819
3246229465
1864500222
2090876654
523674884
2226391975
3976855816
295237271
203828357
894422978
4214089752
3583137804
1611148788
1246644685
1344298629
516026141
1048564776
3118968868
2680575995
1060377995
188330741
623723066
2451573473
471987147
325450694
1865313608
2502243347
1078037157
904184097
1286978930
284425463
3844149241
2010704836
4170060938
1465615023
344313118
343750661
3509146426
320812462
2113389116
3005986229
3186770527
990955532
459459232
3577767051
2644567485
3047388883
1138020838
741231325
3312892401
697305808
3724942632
52252378
2502804501
405824978
3379854896
1134399249
4054365014
3222425279
2993157504
1065681709
4078585439
4146475385
2016407192
1580914222
1640903757
4099282255
619415111
1312475487
1328288480
4788503
1655767846
4180484522
2233201983
3750723958
3381266556
2257700782
3463996169
1803811344
943360862
1941631652
2012024861
314908013
3940126336
2502177401
1513511005
955257680
3560341861
2777815576
3432097400
1803800887
2527763667
1123130361
2877047201
144685376
2730392611
4010485181
102946559
1891453644
2154079836
933345814
586251202
1423241740
3339907778
3618646624
2096470087
1844425207
171242521
664857479
3022821706
272456311
920072753
2363473720
619250965
770727812
3137376641
2698407347
247107108
2023875312
1397956804
334130334
1482703579
1789765003
3948345749
3170936850
2703201365
237633028
2129500162
117692028
1249571572
2181587318
3503320564
131733630
3512628768
313214923
3144504329
3127640538
1339509313
300228818
4032607820
3211391510
3475055596
2640064484
1318401394
1746286309
408920762
4015018137
3909199164
3878283841
904737070
3904994789
1840522137
2136688905
271758453
2279650284
3680497851
2145243091
3145838075
1707493454
2303284345
2920309572
619575141
3954421872
3054914675
457624934
1354071830
1003108015
496305846
1475685288
1625777638
636450540
2237830172
3492537501
1263168581
3659809467
3849880424
505512530
19039025
3457497031
2515163303
868316107
668686702
4202252017
3552789704
3483194626
1979914970
1188276421
3633229801
3298076586
753804598
875520925
1448658940
2421811527
507361988
310665081
2348110966
1884830981
1444085730
3648004978
3638349257
3468870229
2597628157
3500219423
1163395390
1457139555
402796519
978717130
3454920484
2257510908
790200794
3097884451
2345907719
1268180798
3258673680
92174590
451058426
3845187570
3121500324
904242013
1371606392
2640652694
2392607546
3477432926
3232872844
1959626436
656757334
2556773140
1496151067
2986154846
2464515468
3610609456
241077575
1534487744
1538202418
1775767755
4108602057
4117279128
342174463
2158719884
411396675
767790377
1237612147
4268664135
2231354124
1569118445
1191120469
1099288291
489516094
2735815347
592576436
2941724717
1414767724
777507360
458725522
4136338192
1006037071
2520928721
3880071713
1894978255
1838866590
2226727289
4024690027
1403423502
3000265899
640595920
3361542098
2859364814
310255134
643774948
1934846805
1331723364
151031893
1007538183
2169372769
4105469138
1572238980
3821333873
2950626447
3217132304
1793803418
388514057
909655989
1088588733
1560906461
31567081
3683380643
304411338
985857747
1797725088
1827217027
2285388419
1208641465
1762489533
3276328408
614372295
907863889
4193727870
3234933244
3641161903
1630310571
2726145445
1599705089
2797658417
3816450249
980830619
3413524742
195090099
2744573372
4216349004
1174770207
72501495
2455104944
3291972511
1943246454
4178004483
2697623120
745219808
1506803896
601239798
686626713
707170614
1058339430
3089667447
244366373
531337445
248854045
624418791
1741128043
4106143915
273151252
621040562
21369668
1389483501
3038093349
2025366083
701081664
1934963061
3537827843
3532612761
1972990877
384852014
1217963269
3803943574
299035820
1834639038
568362340
3276602368
1282124031
1861926789
145406480
966481326
3132462048
4179666012
2633331727
1083409843
4096322569
2035431223
3758143248
3206690544
1497751319
1486385062
4145669474
3717960095
920422532
272102161
358299435
1856329229
2269140715
2429847933
1545858671
1029260460
2074021574
1720356299
458914281
409078021
401182009
1268710881
1505348674
1654456180
2169742234
434170544
2763745964
3685242740
3627125001
20622785
3331163766
1751392750
3391510798
3602755641
2518693002
1447171096
239587808
2502888640
2508090703
4082674207
3518044054
3414813725
3049770342
284587099
2471216881
797804530
4059556746
4241458514
222472992
2260181647
133459460
2797160221
178768666
1171711088
3714467714
619457370
1974445560
1110889564
3818957153
1206781288
3579617694
2347770285
1402669293
440734707
2560892476
1588897763
2644132390
1174218513
3266882096
3765010891
3657396801
3625966669
2728113646
2053704500
365326396
171494445
2899531912
1593321240
1660697044
3982039397
3148223389
4020603174
3776830550
185113754
3677588029
1183996383
4081006750
4014977035
3138903117
1264173741
1516272009
3373194344
3773523242
41364579
1520961924
2248799149
3289363141
619668650
3744475644
145250914
1234162631
4219008504
1753439655
187925433
2788030078
2089603410
4171608554
276247862
3548562616
4182949911
2074902855
3024868838
1944900839
1850247406
2700322705
4171710643
2785260162
342577046
140630386
1713481451
3665793820
1114396606
2119315242
3794846134
4231236887
1822578542
3925830129
3641366904
3385678789
1499623216
3807169086
3043896023
385145626
357808210
1107296892
3438789872
1319325148
4286278914
3694311376
1024965485
2982801798
1935485391
3335870473
1311956827
1566042424
3551645478
2625211040
793335776
725612979
358617781
286530011
463626583
904375032
422196018
2119417544
2513061180
1077731613
1530151519
1030417953
2334082911
3748241013
1943704246
3993177279
318650234
4147104345
3405538391
615181939
1712784368
2297886645
4049830567
3840085885
1412051897
2720937182
2646410276
3627394738
1221487859
262311745
1279538348
2411058457
2630962149
599151378
3235092065
4058839289
1853166024
3866498881
2323426081
3860085693
1075343939
592426945
2308750073
1139432191
2752699783
2277242573
3519758673
270687656
3062385970
1485070599
3858259162
95540185
3605478344
1064098137
1463981145
1570181965
4186094415
3761209179
1071905526
595011160
2079350237
2762355989
1028931099
4118338272
1110698720
1052310771
520606827
1692574149
2142979377
1882293065
2642448344
680053929
219889271
1372157519
2814574373
3334737508
3723203435
1971496202
526204445
2355173756
450934417
3267363030
3084349833
81347001
3285586843
2497487667
3419286060
4287569231
1199055154
2865114266
3432585123
3105522034
2554404857
177749020
3571343188
3301249487
931503761
1420669252
3136071587
3422959936
2581657165
650657082
4027393697
3385167404
3237768047
1479126247
678443701
1098499972
156162882
1677516427
4009425633
314786045
3432568919
2574026608
1622133388
4280983209
2832554451
2592032558
827592793
1576533869
2513334781
2590761187
4163396702
506962745
2750775028
1889456402
2933901701
3021426568
26397996
1024981665
1985495598
3497764100
3966454100
4281891065
328600593
911269562
617893040
2849918653
3631450290
3091912525
2115125927
4186905766
990104371
1363619399
1357170317
83295861
670914366
1730933641
1704936419
833472406
4242184679
1186207554
1311185369
3010370469
1320464061
2552848213
1945544350
2877341771
4168937676
2026965434
