2925690296
3681855250
3176061945
2684933313
3901069481
696400193
3153063060
2312420074
3484893294
3504924115
1175362746
648763574
4194988904
948044347
1617859961
3942412089
2222254644
1065267981
3404961730
3111842599
80901544
109921275
1891427522
1757317328
2369672258
2976957625
2500966666
3827673682
2090311237
1689273514
3900925368
45143010
23031556
2068623931
1283404670
3892603062
3342982623
1672624098
2357382629
1929308218
1355155206
2499243445
1367331765
3392004113
3016793030
3047782866
3372083195
4099211962
3561979867
1295270433
1802507193
1239933050
150448974
1314694561
2281042549
248683432
3914406427
2287074642
1216820047
1933443896
3631351828
3077067052
352091850
4287305816
210408728
2602498956
3380899547
3485119092
2809900878
2161297127
3653703392
1484416717
2161794844
2886658688
1518639055
3353308625
1724793987
1703937580
3487769670
3323826067
2316654820
3196000
254136318
1838204659
3701282516
3065157399
1850778335
996443290
3573923137
924331767
1780229396
962894635
3929303883
2365203525
3324964860
1643978900
2014809603
3005413352
1445962215
3765505326
4215346500
3839283120
2570777888
877415183
412305081
2026868219
2808447267
4286364387
1815949459
2412348676
1380060336
1767157274
1852152433
2018592868
2061629834
4291032866
2782462353
948375524
4127688825
3860714589
3462207702
3317309653
3048784037
405469203
2722089831
825483022
278230663
1996291333
3269008587
3376513291
3581094619
3039447855
1974825992
3182898130
1097183540
522852405
3653128771
1831947448
3496719243
1699385414
3742054151
2224747954
2679622692
2690422941
1521157754
1995387464
2221488507
3414627288
377283558
3389831718
4098016450
931170127
3393711003
3517354017
2012516336
659907157
3908009114
3908819876
3798818307
2081308789
873985237
2603287539
2448872825
543410805
2089130627
895889481
2659341886
1559920540
1916220696
102470930
3817080462
166400932
409692939
3561750606
3707283436
3366796846
2188507866
410414511
1841237646
29335449
3151237471
100817312
3959003227
3332378722
1361736884
3894646314
3325423737
2137481444
4228809337
2759278457
815786005
2117662139
1903893116
1420230566
3776789487
2323637055
3038723667
142315545
896084357
459912329
2464730325
3845588204
2969190681
3824858069
92892085
923018890
3379745632
4040017679
1303142457
4107222380
2134126461
2711990288
3813720995
2680100881
3944599471
266919355
2678670612
1450724529
2720410502
2374884749
4054889715
49957860
995830471
2659147014
3458947785
188163696
282288140
3867742917
1592509709
4010062632
1431338136
44658393
3241768288
490035178
1321323982
2558457906
2825644622
1902795583
2075746585
2765566036
426751610
464565482
2828254716
983965482
3509015275
1413465494
1025976784
3686137374
3937896581
1866698646
3365493006
2493903506
1946376905
4095007204
2317721712
4217131973
1438491063
3505200946
308785239
1774808641
3291276385
1287515665
3733545838
2927597980
4106932346
1987912728
2369249671
1373641092
147238252
1879259385
4104027543
1589411873
429926621
2345358976
3263162285
4022420968
687402134
2553082435
3405168465
3197020735
317097147
2353083875
4116517693
2959707296
3192145822
3762553957
2044335137
1352341582
1103819111
3810905108
239815079
2290931992
1716898095
829985911
1564136460
4040273393
1754400646
607692119
584711902
3175365567
2085294694
3741086149
1213975879
261456510
1150922739
1570316096
2958372728
2734592261
1797202986
2094948103
1357019032
3695078032
1021322982
1067689464
680300214
2451067259
2665009504
442953818
1238867948
4284620249
670373141
799604862
4219351565
2597199570
2073704792
2861942528
1556875642
1636292331
4026897286
215688508
1743696194
2299764097
2933643984
1706537488
3981084330
241996997
41626975
2647599191
1618702997
3407046049
1397086258
3762187891
2482178539
2869690636
1319045082
1659244008
3358643429
2268048339
954969561
3880109393
2719391334
1251391467
286827038
2922870483
1565254149
6357632
638796184
2318186376
2271905062
772536033
1244147658
3052948578
855513432
3413727218
3513483537
2289551125
1648276671
562615179
1154244759
3540155384
333155590
756349787
4253519588
2268729833
1710046762
2267805950
4273789028
3552394556
4148846865
3597371397
1241779632
3187631433
2073809314
878559189
4148993734
4128898316
4273677264
3270293680
3936934893
3413468135
2252323843
1178828636
481663624
1400726074
410118471
2390386315
2546441246
3972639164
3862359331
1237355946
1456067472
4224146541
420773192
1092351190
3483650518
2504784313
2783525991
3470145525
221966273
1218319264
3617623157
65512226
133203075
4219275603
281004920
3553054096
1960789482
271265979
2981175045
3631166349
4258208962
3569168073
1575155995
1525847835
170889587
4163904275
1981127290
1846387255
2469317970
437365264
3307473561
3398835426
675370119
1491535887
2234526588
2342682931
2870285009
548010166
3898202697
2969758689
1672021534
775295691
1636801404
3471446924
534867425
2046283055
2317340102
121747125
58114494
3010260958
4235209269
3756532590
2872335148
711502724
3692999944
1565113015
703764664
642849930
3184235306
980953949
3714125396
1775628321
770097897
1120444084
1926820187
4068950882
1200278775
3700448349
879324624
599737881
2768009031
1753533421
3470487857
3210553519
1397781739
3832183725
3371059810
904092883
2438688271
1875179522
3898395744
1271817608
1755046103
2225100919
2054228896
1000464994
4200174356
3478492713
3481375937
1579189229
2247990435
4216657271
1719724234
145438150
2892733231
1053589928
1908608084
427362928
1054202635
858506225
569183547
2299498206
1650074676
4249508890
1877059774
71236965
2849252652
2202517780
399173734
302493093
299676156
2072851373
1659328369
2301582805
808214399
3284119902
2266568980
591571497
3069285482
200170708
3470991662
4061150701
1074856027
1666210454
1750563959
2095197435
383211749
1153123840
2735822749
3048529644
3812651736
1316720373
3405977031
2664399450
3189397016
1878827764
2414459781
2880552681
301386559
3669533079
533658770
3418835772
1992005612
2357505071
959010127
1670851951
1097547826
80708612
2107685443
938805719
1329329328
68182182
143667236
3691141806
2108551589
2965323081
3050368642
2820647618
4122953793
2321261914
551804514
1054461269
3911103340
3507926645
4242187961
2847376735
2056614897
1233914116
3710994194
1337770651
706143468
669575817
1837313397
228369667
3199056445
883541960
2252930528
2808255066
1344057614
27217936
2553912862
3569055619
4079099494
2906539057
3534916429
4172693152
3542483761
2068150449
1580556696
2999258107
1693853414
2776393875
632129572
25234544
569152151
3296412232
712023665
241891182
1080359565
965974007
650582625
1960856612
3522863190
1005877102
371478946
505129706
60634729
257481953
2354718435
3628234400
1146192011
4233859019
972524122
3744034436
2915789048
3663010514
1491315957
2195608363
1608120758
2098082273
3715875704
126267314
2623559626
1169345606
2608482619
2582987445
98350820
4077884388
789674237
30787514
2642001483
4238469491
4034060084
3642053950
99037191
2668863348
1934641226
830445990
2334927075
3359223963
998202958
3328718005
3743444362
2159664258
3725714390
2936082051
1425282187
449243289
1029752083
2643741106
2162327427
761100618
3439031920
3834759722
1732803776
1926847912
1960989406
3918020034
674320794
1111491579
97984100
627458121
1083033918
3437545611
3947220049
188179446
242473490
3540365770
3265571284
2757640571
3797155619
726527736
1153831825
1346005419
3169837740
1475484881
2574182981
3236651670
998731146
285119665
2406638885
3103931662
718522815
795085293
1701193441
2532348348
472721471
2625110506
350549704
3448490262
562248450
2592626195
2567289078
3983970459
3554150921
2175871973
1031203299
3910516998
2005932572
4003966677
1960668683
4203754021
1716086191
359185137
1155917482
4264266994
2030366248
2096239944
4114237125
28688052
2047857957
2513279856
4073884673
3373090984
1662479396
1558628045
64732818
4113651286
545574091
2594437349
1381657978
3780211328
790869248
1777377761
3294322663
1532686004
3607221170
1133200425
1254114414
200870984
1685272432
1362883070
3481332220
2237600963
2670699296
37307941
1967364155
3470497849
104873015
958219860
2871417183
1639752313
1267525760
84736526
3554906664
2508103067
2675310941
3035386003
3778794092
4122338615
1802966654
3198863074
682118905
261666306
843558766
854301659
1938536819
2417934081
3089703742
362483257
4292777719
2366402199
453988856
3610576224
2227104556
1655947233
3166518662
2058612736
2462955897
2578709128
984856281
3246304589
2386027494
992494243
1559976125
3396373035
3179639185
1700548874
13742132
3962716351
547071757
3678374704
1634360732
1910560496
216174223
4217062102
4080574870
105402483
2223045712
4200369013
225559404
2526504354
1044385491
3436466910
2541322937
1123079406
1439310808
664029952
1886884666
3221410930
3407347636
2832063812
2144324150
1470129970
864508081
3400764377
3268817309
2555899407
3612451908
2566119592
2016725435
3245932154
139326721
1801207959
2325018416
2586663977
77921117
3794649594
407319187
1018207929
3281160266
3253445095
255097484
2362633598
4275436992
1825993654
4139564582
1316068826
3298198751
2510337529
3773127350
1036276367
1160298981
4288520847
843090505
1111409261
3558262228
2569286594
4107530732
3609765883
3106104336
1635833536
272991980
3012723360
2602081059
2280348861
1676532451
3465216475
2025252579
691031574
1050760079
2395440391
2995526836
306840345
386419629
3519117043
485639932
3515904426
722375032
3709620456
3073250920
3381051321
3494084769
2863260106
1150139074
2305156648
2176803832
3586848280
3930046492
1437952322
3946312844
2708059583
1813894224
73423995
4060629516
2457813672
1063618589
1118538478
1295790517
2857660976
2791204633
1024670375
314115844
2037013288
1944520655
4039861824
476455009
3576162004
374552426
1735895445
3672987223
1960199876
1037926563
889024167
3155264595
535814622
2573096628
580325744
3617019052
2640023437
2044814040
3807594661
4145153942
1274220710
354373365
1693680181
2182096271
1385258303
1608955172
2701934885
204882833
1287927763
2381867852
2460273540
1901953966
3828106362
4173690699
2477504509
1339609015
2481885344
2125249533
3552480660
1133354706
4205017561
647655861
2100320643
3053474531
936506733
653683635
2609885203
3694214261
2353255658
755179301
2450821782
143393813
2312299090
1719786334
3769401547
1712245425
1414403773
1168524241
911770335
3865922078
2868583593
3836042206
3020503569
4196476212
243172503
57505729
523575403
3694895895
2742808667
1936663171
1893608092
70515482
289427698
1889384189
235720284
1864872543
3035612105
3729683906
238127769
3543404584
1997942448
3939405264
1441176874
1311793003
4269714725
1352204744
1688668824
998065186
3973117470
2960829943
1564728757
4166563631
957951569
2259879736
752547410
805397530
2361876795
2095454251
1132977306
3129791120
990289183
4228129005
2066620609
1509798938
11466501
394869858
816441440
3105372402
2126698961
2598735501
1303599607
4147707025
4261392452
1964081759
3994181298
491636304
359991027
