1964245629
1579205328
2301025357
122025562
2287188285
301512295
3787385437
2724188359
1352958052
3584321072
1965759137
3650683486
3280300119
3212336400
798681309
581911101
2549640809
3700780307
1473348744
2404799016
3883754625
910249879
3922176398
2184878421
4078594685
1961312183
4045623775
4161238579
3470964531
2560097553
2173190123
1222018801
2568336469
3699339482
2128680168
3556466710
1086718634
2465422979
3712680018
358793394
3823134472
253952392
2371155489
1636508361
3214017568
500764363
3155061163
1448941558
1624643911
3693854648
3493961878
1848722783
2513060946
1967994034
2830677695
1938700424
661862951
1187560892
2124264803
3456605723
2237202393
3469853576
582460376
257286014
603119939
2223860590
368528478
1944239712
2717590167
1889380387
1991046927
3789620745
3844642233
73793718
1248129870
1436971080
3997732479
258287164
3757870669
2291409847
2428140806
1010861035
2877508437
2681785857
1158483117
2005074625
3971878060
2287525145
3968673892
2041583652
740297406
2207014053
185068937
543190162
2478143243
2547334529
1019589587
3712829196
3224585882
3035238314
1459196293
4259938241
2419585001
3566590092
2668201614
1423588642
2091968317
1790547414
1483490103
3511922034
994729612
1676099297
55624572
2094436995
2119310784
2158650773
1326239929
1986583732
3526566699
2090145792
758877834
3249995551
3572962965
4069530983
3601611481
1863415394
2055194380
3512651299
466610094
7393875
1567446670
2180944
832648597
4116733340
614988885
3196783011
677366268
4251191500
4090194098
1165073500
2847851265
1241884206
650326158
1518914567
571063779
2735681561
3834274175
3156177037
332515530
1943742574
3423241125
330555098
1702754094
2828207778
3231937185
1880604314
2136150648
3198124598
2515914266
2867173409
634859249
3240407125
3001631618
3383793422
2977328742
3957888859
3648188570
1801426538
2881605315
3508870703
788016319
1184167944
3945204866
1549693689
3525469401
1234729765
2573464379
127465369
873512620
1533068942
899009942
147733285
989160176
1137581317
2377210738
2100710333
1014465085
1245233285
388070321
851424474
1085689800
2695784079
3817449136
1017540351
3729210915
166403746
768744477
2757815701
2207268604
229664699
698868760
1907711946
2478976876
332876571
2889784929
2174923416
701166944
2612991155
1543523527
3867690859
584014713
4255378057
2661537008
1669954350
3514775128
3241254338
2747085894
2743807324
37291980
2060600108
1682740375
757068024
3004413560
2118534742
1729593104
2521978410
1316516929
1593766681
2469394871
4013742299
4040678344
2121604607
1687744602
685911923
3431155541
694098241
2224870202
3246920871
2693672969
3077261966
426137587
2694027743
2796163435
1952933416
2363975001
1774377631
1622497591
3119006526
2155128025
2300468078
201650359
3495521918
1330431509
642758546
3339609676
1933284943
1069326454
3723788367
4065693841
1219856114
4112310823
1113516011
1255858170
899119720
2174285733
1928272499
2777114307
1656451052
3885752751
3999777656
3608266748
304623979
2494445129
511758394
2490752345
3557014646
3525876656
3934361855
3931935280
2068801949
1508693699
2779659385
637829193
2008191663
2567662556
2053287268
3590941411
2449186409
2767135026
1507945366
3873548863
2808241772
2035986267
3129669987
1367055792
2071729686
3463181289
2999449506
3393300187
768445270
138913189
1654390876
2959725559
3371805052
1193059703
2784475502
160452707
1880753165
602682432
166246578
3240103533
3713273211
3281200070
1520285267
1722003320
2061008158
3658183619
974812858
3983316828
2405579647
3384430681
4120314273
2714125680
1147554116
614429571
2533468276
3823130387
3377082834
1635187498
2087673923
2626569840
3696092752
1887245427
2358295626
4163864838
686226849
486958856
3976655003
1369746225
1553974096
977777770
1436079087
3007813565
2008218565
830716832
2550432699
101652418
2048103065
5661081
1086444235
696876903
3403028213
153021649
1141929203
457705268
1853871747
22046292
3200709561
1988992961
1808691739
337992573
1444823000
2907411050
1070661833
3872246413
2887052579
128068251
484185987
1537944117
3814669603
2609951902
761623039
3892369938
2602472915
2101276961
3226113324
3473200955
3918537866
1294160714
3456769295
953991322
3107311453
454265202
763523564
340248147
2100810421
1799819685
2802669212
3053772307
2501097200
2591368662
3878726801
2801552832
3352237602
2221133895
855810354
2210301600
1044336053
649676881
4192116360
1811872367
584795894
179428724
318241435
1496933737
3340471235
2048241330
934454067
424323577
3267385251
3468567705
1334653039
3650367823
2818714801
1595618587
246509863
841329869
1882566003
1995331710
31004494
1160256534
2482312995
322738891
2362631641
3713798221
3051774727
1230063428
1451689112
1956621778
2777679168
36875356
2694444928
1398713908
1435878008
1452025397
2601979152
739457290
762957555
2152935584
783234019
3535128266
670747772
2967149446
2799564851
581504798
1779636699
740807855
16359734
2939162745
181647910
3481262413
3197767590
314094129
2603391374
196537728
383145699
1564558374
3446826564
3069081017
1937005365
4198654140
2095237462
2630577650
3755998280
713777155
2549042054
2909351401
2455599587
2437016883
807187264
1760096058
3573359133
1734996482
2082098262
2273461598
706067338
837947960
84957090
4083554896
900483718
593906680
2839470196
3543861100
3373076071
1895471847
1466633652
3983494554
2673734004
253712493
1715717860
3447094475
1594665532
2200087609
35195403
1213665095
2655570072
1814752661
43187833
4142131767
4279022405
1172363543
2256591030
794597853
814455342
973144809
1373230887
211637657
1676343118
2640711727
3004705886
1692751351
86083994
3058213363
3970206152
3458947014
1051422799
1156955102
2186166585
121750957
3246076087
1256055585
563001309
433643655
3167243779
335996007
3653657698
3155162663
464379650
2851351460
3164012900
3419293721
1533036191
633497478
1331753215
2123903040
1787923720
1025815184
3316253259
965163002
813371526
521457619
1530099748
2999690719
141883911
1908302397
46793953
144096394
1073082921
3080899793
690741869
4188762910
1859643322
3594337258
1497901578
3709978062
1452709698
195836637
302794854
4212685094
1940169784
56173193
3322556589
2212873442
1414181534
1094123986
2158967764
2640613374
2683469779
3506867511
346931591
1060343529
2470427230
3942466788
241000276
323370095
1304262474
2312936160
1251107744
3660217011
989221293
3904024652
1775668529
3060715561
3776120220
3048762572
3155667804
1727919010
3383894822
922885229
3850322794
2941434243
4097184754
4282470934
1971120759
4001215406
1493412586
2810274917
3938303363
4239627173
1445587974
512369554
99717934
3307033700
2645399084
3261608600
1129398309
32466031
1094494494
1476354353
3237644157
2461565335
3553507986
2266131292
2236105312
763664546
1820359338
427057984
916000782
2273546754
1303819395
4294294288
1516532795
1217181450
333356988
3305540264
2653130913
1791955450
2532484546
2333743111
3410566474
4108652154
4033280271
3349601068
2225732845
3719573399
1352308020
1170116970
1709231811
4213869375
3823828281
905830655
3047867854
1333599143
1832401347
705557667
128058127
3216760110
1204919041
3800148601
772985438
4286326322
217130511
774541559
4206728013
1381430215
165998544
399121983
3585561369
3311006355
2591428054
575727152
3964261915
131167902
156688895
2017722923
4163033931
3392583470
2260488615
2644396931
3375251316
3604462228
287334550
3144118255
2244882658
966291563
3308552065
306914947
2784281614
2480294964
273466012
2348799219
1565525027
3881636841
3777117785
2076240013
3170764613
4274368654
1381943396
3776164973
1683336162
4095339958
4232471873
757464054
3644139963
4232872186
3861720243
886489262
1957539631
3897417451
562197315
2460922486
3639234758
3433688671
3710692142
1096855114
3247523806
3291782667
2840554449
3264762027
3643263309
566317066
1942137002
4230513633
1724804267
3224402374
773002754
3602742539
1519915301
1328493083
2230113037
3475174699
2709283048
2169486680
2859746154
1631280806
1461510641
2943756384
624539389
1864761038
3480649904
4084297472
212928840
2661019396
2350434713
811582092
3385522155
1909215856
2345130385
1850604683
3930224837
235652968
2855894907
1058926480
3743052295
3120664554
4100835476
3801262923
1216972406
1890070773
2690899566
2925528217
1889341408
4249718096
3490893635
3064437886
3760694186
2651838947
3275940922
1735954648
3642156873
3121050486
3646599426
1613521247
1828265180
2738214605
610483547
986180447
841054633
3214848835
1462374584
2996723430
1360456359
67886150
2414302055
3573265890
3937615073
683938998
3758273151
2146181753
2412546728
3450419556
3124512998
1462943670
407602516
1959204260
1476922685
1818213546
3801913519
1084312843
1224943851
2950005348
3971528872
2383768254
1259723007
4047658938
3961331424
3085310208
3959574275
430818226
2594289855
460833508
2253217105
2433359842
2352014777
2155229882
2181784810
1012672385
2905022775
1765626711
2846723452
406990557
4004356657
127813572
598912663
3127820615
713301220
2315371880
3879672830
2354831902
4078114898
2470124446
4183610618
464979579
2491114279
4225767976
3960056122
4244516877
1695425330
2356036422
3302132197
673317202
1762058134
3967589228
2637543524
1830584952
1462527729
2780252680
3527139859
1631809743
3825761058
2263194644
2575815239
439318432
1874506861
534124086
2131210110
3622660938
705091336
3960619035
641675379
3323411723
394262480
3644186962
3337480317
128762892
2056026330
1199505457
1213661741
2857120420
2936811944
236815284
1929432225
940565643
1463959108
31225377
1813652493
1005164608
349313584
2769424058
2086840280
1001373972
2989046418
974992847
137881661
1396073989
1629992510
1810334734
4154932765
485905359
125094280
1458918378
1837488238
126228074
1814932783
3901496459
146041253
898754501
608251217
1015724324
510628499
1804408109
3962758809
2899461065
1909006876
3839595513
1111223755
3486569290
1653001046
3328606880
3496197785
1370056033
3718907779
908004590
668353231
511013896
2926682674
3703720457
635910600
2568309831
590034217
4098411054
1285745064
594267395
62622886
935445393
4191120712
2561312795
4237825327
965528593
2715369174
1182009143
348261310
3809070564
2349938558
4113228321
2226930774
2330381293
552797728
1188290907
1709906119
3633089662
1768847135
1446338553
1149903516
468581616
705066985
2074056468
2799118058
54704655
3563942350
818221156
3421698304
243588681
1023093007
1652971938
2684084763
2493942567
4253774086
3872711347
718619058
3733674147
108212204
308108107
2679676401
215582130
2979310373
3136500477
1228106187
2773049870
2819897290
4081153852
1769317391
1668379733
4068845480
2287998608
3707251433
3976831323
4252439690
3811390553
4049659850
1587802566
872354027
3986758490
395164639
3191308068
1806249581
2196865727
3865134700
456689274
1963963297
3959525788
410889765
445794265
524325709
2819591929
1673576497
52258706
1375829189
3466961705
584546153
1266425844
3638398229
1184640234
2736824362
1402129592
1253900026
2031705387
87988949
451833095
1049768608
