3271703553
348755520
3861982528
2964380940
3375372292
2351914652
2556510498
3102636288
2382765575
4112368740
4290590508
1917578112
3896930237
2475323845
1810193564
3466668103
2661158899
3009955875
4158838709
261097183
3862416954
3789601154
750837674
3515154992
1235509489
1929275308
2138877321
3010651407
364719654
3209655642
1835509928
2519627441
1207378797
3502278304
3263706090
1515660176
2055924930
3309655595
2675981451
2587033827
3217859444
1608835589
3072350519
1020920244
3782952834
3101895591
1868761324
3249501619
3426305503
1960322142
2049462935
2133581802
2651139489
1301487449
3783075013
4182859991
2083955762
3198598442
1232796875
3398525178
927212573
3409732158
2819338723
415261176
2333219687
3350033496
1307466155
1572086278
3882176892
3826519289
3572029884
876147763
2104405228
3063704117
1082141912
3866805493
1650674535
1794798304
2959767251
683497707
4155465307
2430745929
1042656108
3796219848
3274649430
4269439668
2495145570
2263394648
3955226521
3168238303
572182585
2074364631
2904860328
130478160
3764324982
589862206
6746841
428475687
2096627632
3811997744
2856168232
4098634756
727523618
1616770398
4005509
3729785107
271829866
1116292965
652187831
1827362867
4199170917
4143051958
3297591333
4256373313
1100337852
2206713085
403928913
2849302925
2823760927
4098995673
2679398700
1638724708
455177588
2222070227
776688791
3756738971
1842752535
2730991517
2008479719
2147625730
1763917779
3589427039
522570547
1849490002
3752763337
2258666914
1418025896
32812624
333606319
2493772292
3062098389
3164384553
235581205
653033153
2411020603
3587468466
1342313203
1507000445
38481651
2503662105
21641605
2301488568
2814642517
4214881890
1515085592
2752507406
1611554761
3574754418
2333108156
2064854447
3397295484
603136788
3047267164
1602314009
4163559464
567932383
4079048622
3813381060
3076010237
2579415966
2020166776
1831532011
1097205792
2351647281
1221462119
2979478598
2514828905
1999169757
744277316
712505598
2019695370
1533777899
457869088
1048247319
1593684363
4049082445
3093949893
1072753293
1988763773
1647754975
139297033
3052624607
196240619
2731264252
2706409430
2229927779
3686637249
1691669651
916438448
3826416036
3488819927
4288311267
4272721104
2313277995
3342439641
1106972424
593100709
2298965907
4199710921
3811919980
220545904
204024693
28599574
801804349
3295466939
2242428950
686003875
483175608
2720459445
2441008301
914455128
545562909
541864590
1705611648
2762929100
540973639
2645982332
352549216
1070058135
339505789
3556800452
2246823352
2009776470
3554853478
4268142993
583283419
931074580
1921182154
3637279991
3171179678
3831987573
1928514225
1597707011
2520176750
3931955347
3214527796
1105120075
2387281168
868695780
1465993673
3042085445
1733382472
3799419252
1482296280
1023536712
433400748
683559548
3754355204
1380647847
1975561656
1854156259
2352953247
860929497
3113908780
758098211
3648979430
288912807
3995063873
2385017194
2712290536
3486596627
3933628762
3438961780
2397056398
3781471462
3958539738
3531249598
2435836152
3928687328
3298802875
1376805599
2537427642
4165368270
3633048657
87180529
4163110599
1734839705
1279801491
538303230
4060134459
1433563640
1927477150
2922713942
2275768921
891784174
1327436195
139444726
4267589646
4255973121
735128263
3752885731
3515009349
2649722640
3988429782
1723896438
3846401553
2560639089
2238393574
4261678909
2207353164
3853668880
1374730472
2606688350
2364827124
152461297
2683031077
600619890
553026883
4220334316
4018363044
505708847
1311105999
3117622977
2087084228
3215566747
3758802166
2854178620
1021654720
3717333022
799036438
2171754087
3160712376
914729185
4037078157
1259763893
68406293
3485141373
2081110231
2032893631
3379441121
2526247560
3246574409
2241806524
3700832632
1822400548
2348212553
2887958118
2251190705
1259782685
4193279319
3103935290
4241166856
1338111213
1523704867
2900579881
48542330
31243727
1523042653
3731566027
3247445090
2694482028
3279512647
298812511
3385232221
218744427
2371038633
4096344730
1396176967
735479128
2495800358
3230548133
465992168
1268343093
2420223914
321065840
1491620118
194885139
380542780
1818676888
50797570
4032996449
959714518
3464472865
1344865548
1637815368
3789352355
4051616119
56004159
2159143319
233422230
1899460571
1715953565
992186791
1811804332
1760252248
1523210040
361151214
2579000291
206336417
3447325501
782324691
2679965310
3509182759
1285784449
2795765992
4053493044
982048490
199509568
3870096662
1489908657
1236517197
47532416
3611726386
2769995506
1163655696
2032469148
4016824487
4237715992
192621746
3007718212
2466087603
2010484518
1354750
940509227
4165636462
3867643901
4168920161
3555191225
4106945777
519615931
28697116
53583879
3508152447
379964629
1222136330
297753478
2738043585
1225025140
2090473137
4157152119
1079358884
717788244
805504725
1273518489
1538287476
3162986427
2557709539
3558644372
2928222035
553911714
2545072698
3729183296
2245318823
3334917927
4217779830
2293628130
3525134774
509423683
3002368329
2037101767
4053349630
936734941
2686262138
1832452771
3771057845
1517952316
577743762
883786652
521568147
3429534657
1062095944
773968459
2575284127
2650827641
4270807822
2822549209
2165675370
1151425142
2451185057
3831823286
424853983
1816734731
1891988751
318487965
3427649561
3700721022
3411480323
2086154584
873627713
3880311756
2048237396
4128247499
250327247
1723857526
2816452430
905942133
693874285
3461489894
3541733793
2767247350
2143770321
918206399
1776391353
900053314
3543840900
23406769
706218888
1179310524
3000481602
3284500221
4014470896
581319100
1470670324
567708575
3825691245
538122184
531423517
4067367834
848703892
1614656262
503192872
355807909
3747129781
2275671234
4282637119
11230349
207874832
1362862480
2218774932
3214982354
2943332655
1879428298
4194429060
623929996
610150716
3460491648
4247168793
293072027
1887152073
2496803976
2586372233
1611196853
3673199210
3742068916
2460528506
1873950713
15558847
312546818
1011386482
2241660145
2238052464
1998015973
1272968368
477916308
2889492483
3464343390
157024309
2718332824
4066213282
3771431318
1892037418
1657153307
1653052713
2491243064
3631411461
1276139436
2589683486
10636418
1870080891
3373908119
3495975506
3194261287
3750716423
1392258432
1053065958
2107285738
427389193
3696303621
229242989
1714185951
3020523300
424013586
811095393
1685678971
1809043952
743897542
2661699153
3135568135
2638575429
1175723251
1959385334
3039878333
2051167790
544621517
3925700234
3249381148
998957403
2476205035
2461808606
2629321309
176598180
1029318285
1224536904
69638210
855165301
1360654174
4071701959
1950310179
1689610510
4211963204
3776851286
2989170316
4003739729
1550564422
1468948311
284876229
587814116
992990702
4091335111
1432658837
3822715102
3690182398
145239400
2912966314
1239279376
1389112431
1064656431
44989079
1919119689
2499916524
3369077506
4290106522
3790632745
229717187
1308715959
226556812
1289694324
2205082460
3215775518
2360324761
627659527
3997115619
1590392818
915460840
3044365646
3830435488
2934164941
1008388704
3481919915
2216949461
2782682761
4020263023
1897172249
4132205826
1701652468
4092272797
1759618881
3711730149
3976260549
4286467289
3930817227
3628554114
1683412473
1675426605
1805486929
2215576426
3895220795
235567694
1764804367
1274209031
3855814926
2040581143
1684118726
2832699514
29843414
2910893000
3301189812
2072216573
1954080355
2116220185
817458809
3015596162
1835712117
1847879623
3108119433
1532813072
3614004911
1243989585
2937879526
745918742
1555832221
1056280922
386691477
3203218506
904556536
2059349426
2116904182
2227861583
3015460974
1820537846
1430464392
133551473
372166748
1216610190
3644236503
2699348033
74605143
1328312107
2615453615
3979953351
1905853687
1912488692
2377341604
974295863
1727833773
3070658713
2762402291
1250824927
2455986197
844520325
3723912662
953746288
240577099
2967706436
3001297569
3249684057
1230172613
4196471920
3443555527
2579974347
1796998180
2558971112
1650876613
1638688954
2077262343
429567535
3350358016
3707209337
2871966917
3933368670
795184434
1186187315
3372436169
2870830692
4260189196
3136489722
2791867532
1775411696
2155569094
2617158375
2599410550
1369726326
2606038547
2521110360
2708450543
3401495638
2595959756
1687910413
2025940416
3679498364
1723174067
861102946
3101594461
1008060135
501609699
3426840255
3544789236
1605271999
2092820499
4131582284
2769259097
3704917787
3956210048
2871172127
3967879599
2066047445
887808282
1912289982
3274886376
3479156319
186456117
2875616056
2787794744
1416106526
2471811179
57554087
2058124570
1424471101
3999851693
2908391347
1212134853
1852709446
167188085
2348924617
3233851269
1379786301
3602600640
545430161
163638361
2637367804
2106722490
2888796664
4278471024
3009691333
2737575931
465536338
2309204952
1740792628
1597647398
1436681273
2978020299
1908431447
735733074
2306001834
3506149001
3883275292
2605013542
808568550
357388432
1421797599
3171732909
3012985297
373199079
1080052790
1966321765
1692217018
3763063263
3078408583
3888900737
3387653708
1651967741
3618902665
3913684763
1594440681
1995496883
3315067152
772496394
4107134767
1294746715
1901041544
4100201655
2309631630
1124769491
181281243
273805953
3996743073
3509291271
2708216130
1791837280
2321911104
1115653222
3968909055
2460698712
2410054792
3116550515
4252498341
1244153860
641063824
901067603
3896266044
1390691281
2304761182
745578660
887336534
1677760130
2899136682
3722078982
2280032315
2329520683
1275996485
2919200534
548357528
3415741270
4154737231
2187209369
2796030719
1493211524
204975900
3277729078
3655673610
3717163144
592472103
3838279341
1766440868
2300514234
1978073614
561484669
2954036433
3248545333
2527359942
55265960
701598535
261457019
1548600630
2038800163
2253576307
1992691069
1515663337
1256216508
1122566487
985257718
210095717
477080801
3616340760
1427387023
3153256077
3829587228
1136746348
1840350266
4226530945
188795676
1447756717
4058623730
1120276937
2668709750
1208241577
4153451345
2628036396
6636172
2930132054
2746900288
3793176137
1360136166
741813553
4223424217
1569620778
815480383
3166848945
1924638923
1920985244
1659488874
791695544
2177828683
1173138648
3733936259
2256235468
2337363949
2486714459
442410498
491694317
3258905668
2323200511
93807836
3365837594
1682377316
611505345
2746465588
1455403262
3030660462
1932812586
490375906
3233511153
1657092515
2077642811
2348577459
2968001702
3706463768
1573800943
47175542
4228646822
3823616666
1831167808
4167955302
2250448038
1396859357
4030726721
4043510501
4171272714
3067430970
3851615667
4273788033
3786675319
73562282
630505265
4230612744
631272653
1275194225
1553042182
3554591294
2025454002
3061634261
2955556454
708259765
939320053
3756061604
4078337710
2763503919
568093734
659012426
3590125821
378326028
1856797386
3747351600
2241743101
3703052573
752946384
2719631309
3063006524
1224099527
2247245008
