154492188
4031186615
44839199
360577112
3835887875
350702338
1298779617
4000261867
1559901682
1389060816
3971927704
2564248046
801094651
3235267835
23935807
1734053754
3224125472
1294262964
4281551789
1586671950
534108019
38230062
3240066415
4175678710
2933179720
4190507190
1103718046
3460862579
1557467760
771148445
1611073839
2776079998
2176242018
684534095
829782045
1352954854
96685514
3812443415
946838488
2844472338
774594902
36801174
1594439623
1204587743
481818996
2427985848
4205155839
1263562674
2456260801
1871683390
292171850
3137873051
1291350422
462982803
1125621110
2811863146
3774979488
2215340986
3338125188
300140519
1258126952
1127322352
1553654439
420371136
2559594123
3110970187
2912713961
1646850249
4195103985
4007099832
762305544
188242079
89958858
2630983416
1322772127
4069502013
3859413145
4199298708
4014969787
3123141063
1928181832
2038402554
2429663962
1457490687
1468473055
1070086865
718460312
2086426792
510476940
1907338194
509648568
3141833731
291044545
3604721537
3327138964
2107453653
2876792790
2967158135
969109357
3522316858
2384300640
3580046536
2947867157
1295853102
3605710994
1893802670
3257783924
1687038629
2592183112
3052413116
2367222191
4136001305
2445890763
3512550659
1180575325
3492619767
3874228350
2610727535
1358729191
3774997383
1935461087
2867635292
4068497039
4066942535
3584154743
734406496
174083669
1995906944
904787299
3816540323
3616757524
323009580
2623731598
2432273959
2258299289
2929536493
1865517021
2794131256
719453518
3159280298
3329014983
1870328733
270542905
2982631402
1014854807
3474219488
639651572
3492149355
2319274015
669687808
247048021
1882215932
728956891
3854374527
2837998854
899094274
965782425
2962235624
622997358
2033466921
551373681
3218528936
4110349769
1656741290
3092313295
2145497803
2124821751
3207173515
1049549735
1521705498
3908506914
1077498219
680822849
2315412847
324215096
2583120578
1699307573
1622374098
3276737830
2140165683
3751255960
2700459242
4202044574
90033644
551706652
4040891372
3883701727
3442387132
522039456
2285199524
2686428212
3350774136
761428179
763171855
1886047697
332389913
3919432191
1155675246
1334926969
4019701398
4293176244
953270621
532038944
894958473
2398186970
3389387679
4206042404
3152929871
3957651549
3909298026
808063549
1071442539
4037721923
1326649506
2381283841
3361474070
1531095417
3285993391
773440859
3236392514
2294817397
475939574
1411249718
2981308475
1110470209
2968870429
2112389958
3717121350
2716269941
3074697329
2064137172
4062328909
273914328
243115500
3805243660
4063441307
335767803
1520089813
3049495189
347759229
1179135719
822676109
458028673
906894767
1120626994
3528123972
1590034853
1085224284
1721249182
105930091
2992261429
2498627051
3728390018
2442972935
133778457
3778355108
452355652
300885563
1345300815
96821836
2551867338
1217067739
3991123795
4198154295
3853669385
1230459280
3485795426
2254899974
2281236517
3313282619
1204234918
4041524751
1820807613
1353117253
548345522
2371864142
3344018469
2826689711
2921659992
202584911
623257650
3827506274
1917643029
44690146
3242399256
3548953816
1181222129
2553738954
2602377757
3566021618
1335439979
1398322849
4095359111
3529154882
1210510619
624770297
3605653672
2490316694
556013016
3497510647
1032808131
4223312744
1428776163
1326595865
382891841
1601507548
1353917195
2929292578
2274611900
1161930654
1207547815
1352698625
2043803585
2719448821
4109826609
1571369673
99993873
639719482
2850409353
34118563
1055035581
4065713703
2075281167
1495558758
1500563986
1181215595
3662678830
3179376692
3815802647
2178008350
2537123143
3903574511
3227085860
1450099594
1307005989
1259820308
2533702670
538471884
2577307804
455771802
885362598
588294910
4288760569
155070790
767840109
555618905
2315074963
3886423092
2687584932
2782153942
2778580177
3187318802
3605661998
1849678825
1024759880
1839474566
3284596396
3212606597
762600083
1659591040
850456781
3112277433
3991467106
2684188624
300582195
1758754613
543564204
1848222501
334032483
3400902481
3047733182
3367756849
864967631
3859755316
85955872
12988765
458471243
3672560470
286159120
984600134
2945093973
1235861285
3085508707
4014226353
1853348520
829462297
1374125264
1910070830
428529440
783295607
1843723368
3210292956
3403583549
67024497
1932485065
2111292930
669996457
1712878468
1701851568
193331827
2999514487
548285380
1594752207
4061789221
2117756811
1806222126
174744520
2222676193
59172114
1002281600
2505441334
4283283806
1152250061
2888933239
1681466264
1225421853
4138937593
4138002575
487757813
2993557603
2083209746
2571635942
2185531660
482754302
3089890610
909508724
824677992
3199468605
4165263268
364749308
2446087837
2027985234
311917143
1180791705
1784583568
2775971110
1643520270
522309445
4293326849
1010812466
1539665294
955121716
3858199616
1687244319
3875774070
225416720
168874246
372456158
1550880554
4280866272
1459634794
3068695628
675908092
934718887
2722474086
4268039042
4290499592
577258549
1999689986
3993325130
3192494124
617058250
1927942133
1367505311
3364048423
2310548996
57012024
1859436377
3737361158
432191287
2880070661
41698704
3540917783
156383313
2237649117
2546835615
1477738352
683181357
1002052931
2052745226
3695003463
3999676557
126225142
500013786
2085044145
3986366281
1077769840
814948393
3327354402
4168687177
2914656689
3624065943
3984539599
1516079884
2360585426
3692796038
1315630947
1666601632
2302853633
4048804480
3396366241
922853379
1664741859
4256322369
1285504300
3429367441
1158491691
4191156143
3765998194
3034826313
1232767964
404880476
3538394793
124217392
2789391616
3451550673
3670232209
3648492057
1302353891
2900270573
2466466268
3173919936
1853096955
795446078
3754345241
4078565803
1236469789
1051145445
3745835000
885195397
3336737100
228605449
1178762265
837437401
1530540401
3214401691
856722041
1772671382
14623547
1941839239
2983859584
2653416085
232398543
2390286350
3713290098
3288236239
1862946492
4251346834
51631192
1250294292
1294409239
1917879749
1072333457
2561293549
969514422
1167346089
1484845273
2514845972
2636475671
544554964
1987083891
1316648748
325131011
808256355
2556707619
268783427
2218984725
2027633605
3956348564
3917328565
2987187968
343258422
4172787647
2773052159
2328825972
1895114388
1356749927
4044146702
1772797192
4286571437
1648494376
1984289051
1639787176
1507939164
47692217
1241287273
3465084945
1071758804
54265561
4278944362
1737899241
2707607916
2460661163
1206469412
2654169250
2546824977
482753350
2927379633
4221865796
600536610
3974956037
3252536403
1403291640
2821139701
4203540233
2329045855
814020835
1551968975
1120285251
357306500
2093465194
3932014095
18736993
63089337
2216796051
1302801210
2965885978
47355448
1386379378
2821382692
2041387635
2256664386
3042215350
2577973159
1172244905
967114844
2893503979
3196706766
729543606
4105060144
1514992660
1561122835
131447188
2886425863
852493458
2047470547
2835785002
3386418331
1950281214
2578341630
474435334
1096372085
2118958830
3685764838
2683313616
352333141
100279552
1780133901
3212496384
837621501
4117566436
3039213036
284917761
2139725820
3266380071
2955386317
811441218
4184221864
2987779249
3741040112
2180563730
2864919615
1154675133
1179567407
1132863770
1929477064
3547523956
1301914426
1176840037
3153540641
4216598456
2864778697
3832899285
1565766338
1249316775
3690264230
3777139446
3707593288
1715411026
597050312
2517234143
2927295750
3398629515
637115146
3313686662
1289268783
2058434177
3494260369
2803142459
3901586434
2796482308
310642371
3654931021
2442162981
1634142015
2979289119
1751322580
984147992
3537142381
297363201
2524081165
2777128820
2605694016
4097232451
2452205372
1577183163
1008758464
251048380
3236619868
402923980
461378962
1064925291
519445105
1790099725
1627156676
846492022
923206715
662827163
734074386
694747379
664530248
476760689
3787314307
1050590133
3571812193
3845863877
3262693444
2490729212
2707951049
3137259905
437638310
2963920934
4261864432
1835445068
3118571051
3467893785
321156769
603132793
1914594647
1747950509
4027889152
3158583338
292545994
1460451073
4235331863
390479967
921972953
2902875502
3017697627
2689856001
476322824
1666133178
1574819094
143897481
2729915384
3721011740
2830382552
4025186623
2572677753
2214911829
3793773794
959849532
1267369572
1938256679
563635990
2183955659
1141399473
2956284302
1519848716
3723281015
4058125414
3737073649
811626993
4120352030
3787359748
515754459
1465497880
1865133445
1241192904
1921227145
937792336
880141175
2339612730
820410112
1053231203
648804166
1344305031
2227676431
2091506364
3090239779
3501882633
2088321540
3540314904
2191411531
1029086864
1041879954
2300159303
194144383
2502479121
501203412
1497585638
1145981209
550033999
1269159535
3697382843
872863952
210322590
2806531315
1427640344
3028044085
2516845720
3296130483
1121157811
1648002513
1654075057
1869147953
592459958
2895886389
2821966491
4252534603
1604559331
1483035052
3091576836
3890400102
1866780673
1574297283
666137957
2315828425
799773217
3759932950
2063612249
4182757068
308256359
3555908462
2608118529
2391227499
1212642606
2059283903
1580979547
3062121843
4218255014
3800699706
3175967436
310950406
3167184034
1513266667
946920620
1598875294
2960633201
4276902973
3625129864
3869971929
102665713
599261697
1560169565
1002535431
2226362535
55012852
835373960
2143552885
305234624
1868295540
1280959950
1826859646
740340648
1893760706
2553817758
807346507
1391673680
1643305916
1781373246
4165763803
1793920208
2778350603
1316028998
2835832346
440651896
1775299486
3770755119
2102522733
615656595
1160772707
4007389042
3565691752
3427543130
1638847449
3244320851
1093116582
454310911
286862474
2777067278
2089660573
2572210066
2499491747
3018521124
2037350931
2895738405
3387913835
3278027450
310617248
2766496459
524080181
855436264
1605777704
2331892033
191485131
266676819
4283236228
2000008346
4118027625
2918827685
814262867
2644102898
750536433
673492160
170045918
3744638354
4220824082
3020780121
1385017402
1977273759
2706263755
2054441600
2543997266
1820822870
948796352
1767061370
4164052004
576811423
2248171894
3488770113
3720031932
3052577738
3506041583
975753757
755443496
4121573625
3827135939
503521969
821218555
1155437037
1250699548
978720683
3972166842
3908687760
2474404917
3248663112
160950173
1508088015
1974983666
1475497558
3643320330
1226329566
1423318127
2083344258
1852950764
3135244314
3347163275
2693171619
1206451770
1574819725
44861307
3660997914
3291538512
3488319917
1695592066
1759120034
407212741
3920731819
2532761785
383605993
356805481
2634672349
2723218004
3244533881
972463023
3135427374
4033547981
2817402004
216936554
2525083259
2845724124
1687831566
2942947939
832235217
3311337041
1208922235
1580363803
370284643
4141092716
2416913136
3748862808
1058074580
2141563521
2487750811
1564233078
1187905759
1549915413
3198912756
957909742
