670400985
1846783486
1847616808
841996586
3897903183
1791857857
3538863499
1101771812
3536509395
3085916235
3223638328
444365593
922559318
3227707837
938862071
3793963538
3880303586
4138007800
1312998597
3449264808
3868343529
2162606510
1119261991
2455083246
138494218
744633978
1057302188
3788342212
1729120478
2944156859
3666730638
1255795232
2217208878
1306529567
3430607582
3037539214
534812080
2810507387
150608766
959064116
4189999714
1303607547
1999453197
3308420923
3497922673
1551306857
1899464148
2955274066
2503706517
1558444881
1387305013
2004157742
767915526
3820685060
3894612873
3223102112
3713636356
628394536
839636528
1366538390
3930857318
1572707702
745956767
4168829533
3072653925
627147889
2820308550
495679567
584483022
2871528585
4254483317
2330445993
229178192
1251783697
1606531550
2008283587
435694918
2521599662
4105232674
4195252328
2507096009
542308034
2950412647
3323041436
1821373277
3462881231
2521500928
176531541
1315284434
2704051997
690608186
1476179085
3972264795
3350436847
755634312
2357184421
3856720352
3259972814
2668309125
2971992744
1064388624
3625657865
663835876
2897714722
2970469115
587623442
1041183056
3700356354
1207449269
1694003810
1010098232
2789585921
141955075
2226434616
1283773281
201038517
1829624451
501736461
3449856894
3761175737
3363942341
1381457497
2316857463
114073084
991543269
2420517751
4029996419
454393953
3358017613
82961306
685065403
2282682330
2286291104
1662496041
1089079408
1030035650
1373628540
920124564
3789954806
1696674474
771633424
2421480254
1834011207
4145682731
870008244
919660610
1355745390
2307948911
2920848273
271991204
3629586693
1434661758
1316076424
1494246920
4026061024
1232201810
4211728271
3757285779
3555924499
2794810155
1978782899
2744513280
2739552954
2293469620
2854810166
967010337
3226151986
476767316
1558757540
3681565082
1411506395
1869360134
3078600560
1940086968
3912860450
4075314700
3692949912
670486895
1186119618
940841863
3622854805
2813788644
3070223873
230916318
3336026226
182842206
625166905
3431844699
3375670440
3918579064
3603431687
200918035
1544292462
2100656942
2555024070
2287259183
599128583
39836637
3718573743
1314192503
3935627226
3147563341
1291988599
290818097
2855074584
2629031519
695265539
3192059467
4059506638
3033744489
1470055046
1177841985
3415907503
2582193576
382933958
3235365747
797858511
2117000228
283889873
885616777
1104404805
2190518456
1736150043
3387165575
1510815341
1692264877
3840708217
3511749096
4259465758
547084686
787267387
2558260350
947693444
1023560066
4067705083
923313166
1386728586
3454925617
603434228
457293760
3146553884
825147675
3367462461
2859095205
4281212826
2809495412
467967001
2224618858
4253806320
2329965978
238911955
2129683664
1059184965
1646352609
1855378335
675828813
2063417485
2407380635
209159116
2109850795
4022617633
2265637249
3161403292
1779230994
318013989
3569093853
4057419662
485945405
2631342565
2191213584
2839483036
653939306
4199784977
1277781561
2099298190
821564966
1973758008
3303689545
623269608
278856629
3990004705
2356492790
1110861363
1358456875
3797548149
1731289438
675946163
404038877
760580570
297695821
70646
1837603817
1101293076
1639355463
3573257944
1647869128
3649571096
3452423405
3205803712
1935396710
1549159837
693193359
1440623
1349574323
1064695648
2997830188
129434745
3320645
4263386344
2380482313
1161864328
1809842272
376080214
2525816534
1083333725
1747370993
3142566013
726170237
2768160702
4247654138
2732277954
2460996035
2053584008
37299347
4089556742
33590998
1754439771
2946637047
1806555081
4224152323
2705597392
2197297327
3160060793
2894670339
2968048135
4288974131
2925108338
656785849
2101831728
2556764688
3099638883
1188950885
4002728093
2272082078
799276161
1447913368
2910667303
2718808027
2318231968
3291889580
2075424749
1551631465
1121454129
941568542
365902640
2810253028
1306817674
2917135152
612534124
4186478139
2193616924
3946153474
625513720
3441847667
294235095
3130551406
1437272932
2889200103
1529004163
1701216858
278823244
3596305399
2056937541
3838425740
2693937984
414408477
424153109
1914506160
3188138661
270949900
2802961439
1289619862
813523808
506757224
1224813044
3956040331
2486901221
402624166
592219091
4108381128
3668606852
1040977929
1033940975
603333601
381973668
2454169868
2342866271
1675179864
3815812577
793912935
406881960
438689442
2680685850
1913282383
93836414
471143858
1791121027
576124874
1767307837
1949378453
1219907956
3515520824
4007069518
3387345521
95725189
3186460887
2451225388
1788111859
447051974
33661208
4067818281
4010756481
3251779934
1506737762
1180520707
1674944669
789251262
3154152816
410365767
507390121
3192373948
2216449844
3516979561
2604538319
1493003340
1541818422
3472419206
2864729122
3419401600
4185989471
1761566410
3891115129
2100635080
3892668622
3868049984
2256030050
1709021128
867923738
4133171062
3842077484
2817934686
2230054128
3620182282
3091178585
3659588195
200330229
1128412402
3193091484
4106845292
3017189390
3158063045
1649794631
3929473961
1107752840
33589139
1286550442
4053728807
3843762250
2186747939
2889683530
3237935984
3985531832
517413828
1213417331
924570253
3825258792
982542714
3227084293
2142222697
2564388904
1280858886
2687478746
4291620720
645468737
2182560633
3397194085
1650535661
3093908851
2838222736
2834199036
3169423380
1401011009
4191981461
1844276162
3527162504
4174321662
1546356262
2969918065
1394974164
4084391675
3171991309
4107797717
2082013300
3739378079
3370702359
2539765570
2981908422
819392356
1249453785
3135504520
1683399602
3023556578
4106127847
2513248230
4027145022
3064997801
4209938411
1231861282
716941110
2515815192
2390748979
11495711
1544750329
2903207263
3569175791
3643989407
3534677823
3345548155
130289656
1095946309
1880473832
3374070124
2281853172
2173341370
3689509908
1478122113
2047088548
3874328668
3357638607
482699331
2288468997
2082298550
1043714931
254139038
985551877
4159639386
3599552344
2744841611
1482066142
2699854712
552664089
3507206048
1476620223
2338733541
3616393864
3041083686
1905925429
1973952843
1101940971
2665413362
1905515634
1236186876
1902006724
3619095191
3411727813
2913311668
3299970941
1586818962
2948532737
2434704062
3965797210
1162234559
237795927
2914879076
3008369500
2520953825
3353381950
444843693
681355078
854791932
1438344106
644845
1616452455
630097245
1368303151
741053898
2362288867
195760971
1368044266
4247376161
650102343
278816508
1416663900
2239576689
1683121768
997275335
2828196467
2286202941
3592486044
4291825893
1146424931
1455065423
4127078982
1684701373
3151653603
642270624
4051044638
988805044
1195090616
1593563854
2447576063
3809404305
3358036911
1881128518
2100332557
3927104693
2164304535
504502142
3275938048
2486186769
3625524536
2356313095
3182248510
2830864811
2338128236
1164054100
2444823552
3071530908
1910906092
4244865009
3445606255
2213907318
1643189595
672188982
462700861
3855004772
1510970849
3201291960
3339084340
1666979092
3726792843
861745234
1068525017
1382078428
1542783409
2208880208
3039938241
819832469
99079890
411091148
330387584
227067472
3172684497
1063401297
1217222965
2530907360
1285041827
1623272101
4146111887
2444737703
2723060086
1567381766
533902880
1808058315
2491815157
2500550873
3675764337
2531889981
893537850
3961732984
4064487774
2055012266
1420845230
1276384124
17136737
2141745029
960897929
1540939602
1181046315
2024296219
1479139454
3773063117
144998947
2230674483
638652746
2201106838
1142155606
505384074
509203181
2760408335
3457211387
2023094476
906984010
4052519881
2118577619
3697760653
3716851430
2744282093
857223130
3935166923
2149710001
1506239082
80047439
2230839001
2108924719
857653060
2051009247
1810719949
702564759
981829182
3254935807
1302673873
3111321438
900779602
2737411471
2728367395
1463843582
1542277329
2887066858
428111214
1914053050
1913024490
1083536119
934762450
1960990708
4253407162
2837722211
3667932503
1566429458
142849805
2988912572
2915045076
792839161
4041467046
43725117
4079537923
3016988295
3781285574
2895517786
2620431636
2111373693
3811016518
2503515393
1434925037
3693282384
696392324
814174797
2199747178
2790630402
1214791784
1288268570
1424581167
1832612185
1629113073
550216883
3756014909
3501839070
3064894031
4161750972
266418112
171789004
3489133758
493202894
3009088928
2399403575
3899239669
1662723022
3946770335
4017064921
3699392179
2979024920
3388127217
2123880087
216785429
1703293537
3665965828
12407765
4063457398
461517672
3758927487
3450726238
1501945949
1414029786
1444065667
75031506
408376755
2932397219
1069629229
481752287
2273561833
1036840742
2770835826
2537012406
1955123238
3205024608
1794609682
2382780232
3640775391
2282892594
2067101416
1760272284
2014990352
1896966812
3558495005
1364080641
1602500582
4134268954
2239132142
574168363
840155461
223596376
3819328900
198107375
767429574
1947273477
4076990525
1841357182
1275865257
3929335941
2477396471
3808935581
2388036119
3181180477
1211348368
4004835536
1702352999
1360370714
2957182833
3305417671
1609571545
3507048300
3832729822
1933619882
3350053920
2585169204
1035285868
4161266912
2548511501
1096012302
1498677095
4049505080
655032228
1731606715
2751471051
1352461559
1833903286
3001920282
4132696957
2411657987
1258872556
1249617478
3906755327
334687486
2211214024
3208377410
4157163515
973030496
4279678969
349823661
956730251
3867437488
502911305
3721180801
680186607
674659076
226991439
1005472088
2858628986
1561212604
3773206864
1801293558
2330416471
1778199377
1585106522
4051713474
825810206
2046427699
238265165
824046176
1701252296
456628311
4020012393
2567095505
4069001149
3179548354
3084275052
2969942129
3346593268
3775216631
2298798474
3011561744
4277212257
1406538175
2916520111
2276107918
3155880275
3341795499
3631045110
422030271
1717014391
1620947403
36956601
2677682523
4019621347
4218727478
2964927151
1266655993
1530622025
2474315984
3712771168
1774836864
426197036
3711281981
1645600148
3980466599
12995901
3847272493
3103343079
2289621285
4175045099
537193624
258078771
1016561664
1584082731
1245974380
3197418936
223775753
1177521698
1251553079
2155932040
730156368
3352200359
4229402186
3053968389
4251714054
3635637904
424128544
121321377
1479266182
448328203
2613812887
3946338811
3773724408
3894238688
932117040
4057547988
4046890709
2557382723
113015664
3012938937
1247796920
2157464060
3176540367
1907452392
3439637102
845325962
2965991347
987194540
504593965
1258962438
2509632515
1235595433
162333009
2573846482
2481534075
430430152
2290772615
2122835242
3330171739
1219873905
3595110764
469412126
2515566642
992402409
3945460548
487003461
173447378
4040833780
1192806390
2736990373
13278334
1005309532
103646924
1753213814
926768702
60872739
204618321
612352589
1526171286
4001850116
1578871959
1520595763
2353476465
789441221
3639967247
2443188021
4221119574
476309695
1341339813
873862678
