1875092837
1989022354
794630012
1005118725
3460465281
1548704904
1277094791
3165005104
2013478704
3812829314
1278631627
2046876348
1270491383
3661445893
3605598411
1794202835
1812500646
3180436136
1449092234
3808511053
3130568873
1026890511
1422012549
1216455788
4254029610
4197027711
3003603228
1555715278
3528483903
69894612
3591721052
4290978867
4091820977
3872792312
2217247740
515797815
3418853435
31291323
1247954414
1496257697
3436594940
2234604536
1737463615
946834667
4154690130
1540926950
2196574292
1008174279
1567576704
1356737279
632391647
3154625082
3428098906
1606821861
4234380664
357867742
2829791065
1699567321
1028928338
3707500397
3772172966
163633799
1083591215
3014538758
3635894929
1330188035
3145880247
3410854397
355570884
3532252432
727306917
815939139
2586237750
1766279510
2379539808
1046828636
24976747
4174752867
3865359151
1881935567
3477557397
2414454239
3507558070
2335327733
2988180051
2023298168
416356115
2086546250
2681327089
1805149702
2353668330
3266813153
341781236
3510344948
4128045414
1294054198
330210357
3307460609
2052539664
3428090154
3528199506
791343233
1449651100
3381918934
1998953874
1449149689
2165717830
2309347161
1519595838
2854814692
3236765454
43073416
2305133112
1013994249
4097599521
1580655389
3371517143
1839007968
1554823840
3034789084
2640536032
3669766319
3382059419
3104681577
2496760105
460030387
15161277
2818626581
3804727252
1436342154
584316860
3635375214
2440325407
2527551924
682247036
2021363934
1181411374
1988859577
2412390007
2878397781
3078523976
3087030611
3597039622
900735509
262260588
3737634186
3903078545
1987856778
384021420
1918271239
191822428
1351031182
3311831797
2470198729
2217207531
1739450454
2387600805
764733400
2627228303
1341572235
2073692216
1765784502
1466934994
3573765640
1199781065
39488708
730235269
2373834654
3327100793
3803658505
3075826562
2139155472
576290609
3126092846
3974518662
3838186797
3927401884
3526901518
1860905378
1882383853
3177522922
783625462
3999171843
3777082876
609589331
2091502716
3790320399
1724449162
2582920246
3492582127
207300919
1187138729
3854175042
1049705547
974276647
298099756
762165004
3926074250
1077326547
1543480645
1170018094
1867455810
268729617
1801734786
2763720856
1889870796
1329987042
4022433374
3763342779
3708073032
977248334
150400501
2085408113
1504800640
4234928544
2343276655
3446119228
4261446588
546956391
2662614989
3757076875
3924710411
1317769788
2773321498
2692183149
2443481360
1934920371
2723278322
1645453989
3735435590
676349345
1013632947
3591320285
986043415
2292839092
1763315883
1256439980
1815962423
3408363610
1589077068
4125693747
921471540
1390503361
3044419405
1114132418
966093642
191907764
1935542423
4225402769
3459691173
337759252
2580021861
2837002823
1147285647
1275717494
1812266917
2381639165
421789400
3118561572
1316223622
356999415
3529930555
2359440923
2252822091
4249747852
2458679635
2841962368
2265666570
1556495151
4023470398
405512933
3801198366
959615047
208862874
663977482
1108434499
1392009039
2065951527
3466987652
4184302783
2883667623
3850961053
1992460368
3738955060
3436883402
3038219803
3729605201
3068949266
692831733
1868360943
2867840111
505652894
888811302
1388585609
70799779
3481985541
3935008736
177311419
1402507288
1928178293
869162276
4114514737
2387509821
2670242329
3339856556
3401226863
2802967572
3925217917
1552765825
693901087
3695966912
3244737129
1012281724
3040887872
80432676
3438341315
4235487895
1441854084
1068154324
1779511900
3339197009
1275680368
3190540147
511526449
1641844972
2347518092
1564800946
3051887371
1739401647
2441983107
3299157677
1852204085
4277288421
2425809154
4217861369
2868092581
4258075894
3039596735
3226928994
936489183
947935098
2140063725
1226161876
656898003
4067628189
2365546829
2047399398
1982894652
3935510759
1602188192
2423148421
1783015946
1609630889
2481420411
3790399471
3744863623
2908328900
2064307924
467173820
1980730667
1929343294
130487570
1237439392
84452666
609374285
2770545504
3383108519
3079302286
3110199779
786803437
3970998545
3939325528
1086897467
3130074892
1349381812
1524110665
1448228689
129760941
1973563866
1085565654
1882671105
3218323418
3963288206
3725001819
4009957565
244000855
465457015
2554858943
2785773888
861911281
1283367153
2490979553
1648384499
1186964684
4142515775
199648296
721679545
3876270099
2687173239
3436563173
3299038209
1783054608
3469018210
2808552326
3337144365
575536315
645961878
2279213503
459068393
2769804377
2366026231
1010299147
2160652288
1205818340
433267605
3382056421
1853668976
3488257929
1046796676
265645806
3809936042
1795826283
3350064328
1018096530
3662132476
3084677264
254615
4134972255
1085669617
2510582789
2143284087
3640134143
3778487964
3111135662
888358412
3664767669
3222436873
2112906176
1082342276
3649480669
2732403971
3906246941
85432358
880232143
1232591768
4069839322
2103120941
3825845122
1396988542
3648338203
3030032432
4077313982
919630598
782582942
1089353509
1196445728
3889866698
3612636475
1737752962
321026128
3642924740
3585158297
4100777352
1936190758
1454252711
3450597530
3299197318
3996304972
1771617041
2712545772
4141936389
2332518949
2923223428
2491687746
224464308
3055870015
1849798894
1406649536
3267214727
3567355681
1828681059
3359235338
2156166150
4019440388
1217597405
75486793
677882706
2092777300
2980941087
29609496
2015277336
1770071750
3865169194
660126664
873847000
1860007103
3373557722
4161773709
2413745858
4124128353
3102917679
4003321492
3718310611
3752312686
554107435
3909243850
3423800471
498528439
3081657735
4291752584
308521639
2178440892
3422350555
2593348328
3356124143
177208148
1229272422
316264658
817042131
264384327
259498002
2512791720
1253251297
474655478
1805484540
2951735693
152206498
2521162689
1837567295
137744079
2355278105
2457762585
4273194871
1307701113
1941969334
1848301677
2446015806
1006389000
3502165574
666326365
1854859699
3299007887
2105356998
3214308820
1421174018
4206786568
2186491959
1340143933
1210669726
204459843
1295868320
3224057252
1969437579
1347945154
1343042178
1039940652
4114989840
3923465699
4018798160
3627112529
2489006156
2567634245
317062292
59928527
2199828410
3906106510
1849627215
44055284
3123296619
764895945
4161431534
705187637
1580279426
650782130
771147020
1605421895
2648247627
846617875
3277618905
3697830874
4084934963
1576878525
1285156952
550234929
3893451015
2768948095
1892678893
1695642564
642979952
4009386270
4192730674
3256228194
644965919
1558375302
869745327
2883265198
1046358089
2444872098
3107348836
3594626761
2978350885
1563520276
1659469565
3957978278
2060885272
2278358498
375818906
562071808
615693136
147379516
1602542955
1091711135
3879448831
3047626189
3033355778
3752737156
189271211
1366315365
818365867
3594222546
2439874866
691076087
4287503056
2790560762
2975003663
364846886
1026499947
3922140394
1091658023
3414376477
3549858429
1509706033
3415878364
1459378748
1791830209
897092171
2718888499
4116524791
1090465910
2026226382
3541054080
2102090784
3475357607
1660754479
4138452115
1225101935
2454320811
1057283141
889843299
276089377
2938468761
48065490
1531509793
3713218215
3413567460
3871860737
1665104290
224693063
495488353
2293351699
2993446490
222778281
24249904
1999698858
1626635912
193210970
1462405789
3378257281
393152023
35530209
317632688
1541573452
1542115113
1139944430
3614637449
2427495656
26294590
4033586885
316397340
1865679616
98230762
1695952441
3136984177
3874277675
2264616751
214289568
526604040
3318732009
3574563648
2308288403
2963137952
2299893044
1305613645
3759009008
4025189657
1985330461
4281975078
615593896
1254287306
3511563831
3868418963
3603536515
1453883823
2503286465
3947467607
4248889094
3584732438
2165149522
740111105
3319239135
3395366665
529490409
2247441968
1683409417
534848706
1414944446
1320871486
1574489856
3274002076
875136775
2649082115
3161642817
902432140
3658242321
1961124166
3780606240
3223108921
2697816676
3183245348
1705299576
1897773549
36644189
907687423
1679317005
2350923681
4049539883
1953836150
4002092523
183520752
1787283127
3632045183
899180870
782636766
1674165472
3739701130
3587478561
2906810025
3547462178
1787579192
2660000621
1322813885
2718945034
641400157
1270698805
3668703448
329640448
1917981490
918367784
4235498772
3021106591
3449804975
3889061546
2944015431
1923337726
1755121264
3258919289
3306374353
481259701
2777453769
3584050979
1976400289
2246029181
1983306693
76251426
3780154837
2393098272
55692691
1721085090
3006341474
1958246252
820806278
3074312664
3198922138
2819197654
3006515615
2315902847
2368378380
579094233
3787017526
3420638745
3591718441
2765844833
2484189018
4256064199
254139836
651360597
1190449289
1079394715
2227818633
1707955013
991364727
2699622651
1091512064
402770711
218386278
435253074
3078463167
2447761834
2546360066
3638563633
2320338994
825380599
1702806177
410860212
1515667713
4237311866
2493471333
2242606092
2390405817
3717344079
2274058610
2668609696
2221250189
3761346359
2285163996
1130680315
2313393270
2529694144
184233144
2196732622
3680964277
1820839501
1015724458
474366677
1468896187
1521133958
4241991467
241870194
39701008
3639436415
4164253582
2388066668
2704047217
4209717024
2128835655
488116786
4103466557
1662990356
128104794
1102312158
3270346858
268354266
588826632
2032366980
3857463277
19229381
600703899
2485082853
2537254340
2867953701
3294152383
1298552824
1958449844
3679398274
4052853021
1946032964
2723062511
3028043046
2815160842
3906012975
3466913173
282853214
2301693958
3439408734
2459628763
1279240635
2551853791
376832543
277129637
867771613
4084426444
1795131961
3970177861
2522683587
2649304641
3154843761
1068476819
2569549693
1732037470
884603605
2005449636
2138927258
4238695821
3045988071
2634769550
3267449891
3773644833
1438764789
4025763770
2271589211
282570844
1028924786
2260535407
3517943127
548067317
819794239
3450712066
236222292
2670219851
961439643
1108530661
224481266
3078400541
1708948290
3158150424
3192910135
1297027427
1124596882
774486488
994320241
2917533604
3477378189
3883292295
2574428884
1226953920
75779740
665226967
972990665
1880631802
3519888969
3061877803
1202866825
3532575480
317392016
1029605420
1731509793
4008455545
52700120
1823698583
760236743
2770313379
1886842086
279263347
1120630630
2832437205
4227935073
4106329399
730123780
4207342566
3019773659
1435273065
1767472889
2521418490
1305310033
2537779906
3664938927
3663953772
73011403
2385063594
3564851668
1987072116
4087555883
2139594120
183347699
1168201050
2387507519
1818134763
355827466
3763875424
1461701098
1786315163
50516862
1959446216
2926168289
2042742843
1477935960
2816883622
1925953039
2235618634
1657965950
1557646528
213668487
1534250961
1402289205
1986994620
3645242000
2767125243
226837315
407062293
1687828453
1857444886
61677324
2849319530
2677401830
1940786658
4031809931
3444751963
3383489015
1161563549
1433810074
