2176207896
1318611010
831600842
3347448398
4265079945
343691162
744975101
3861767745
106466643
3920507882
3586122851
255954874
3899444417
1332630363
631982841
3531463907
1439730291
3611807676
4173022308
2529559455
2148323429
1510986181
2798852638
2005377558
4217462132
3375961971
2436321688
462024538
3929354507
3466237729
329374430
935058115
3499100914
3892994229
663668187
428773985
3013093248
1516763828
51654060
1385967996
1120452485
4064187961
1070427877
3491854925
310123225
3049863946
3350100382
455739344
567635256
37178145
2167459720
2163343080
1522044606
646056489
2669944970
2107166480
3945093261
1185925751
1137689959
3607912982
849312145
1745608615
1813642584
635978913
2196910591
1568391353
2297607151
258517416
1374237766
2606248246
849956521
1961886199
3977619856
1557607907
4144632342
475635442
3749637905
1359283647
3353424294
3680872652
2717901234
3841484182
3775981523
1085660646
2586143778
3280456114
1820527018
3145703761
2783017371
3499737778
4046531701
1128473450
3269488477
780055512
4173083802
3150330413
3975621100
815729705
4065513508
2727773679
926991290
3385135105
325433731
786759305
2542093427
3731637558
2409587763
4162143
4277622469
2446354066
1028614771
3492621331
3225529924
1151583360
3125316025
3296754886
2818830346
374979179
59610817
2615681803
1856541999
4255395337
1958966619
1466635663
2391212834
2995650099
2755168854
456133903
1219356839
1117207835
62259105
879866273
1257734371
3885764438
2829677005
1417855525
2483743878
4208148779
3426443856
2924969832
1995548949
968243068
341889744
3378539629
1498967419
3390293760
3967832409
868959116
753345649
3309660389
1667655145
1421431428
2748601328
484615045
1524031052
2734474915
2134887767
1413000637
1886028346
630691756
992870333
530163664
1192623681
3815368655
765290727
2428034119
3980345919
2859249891
2993231291
2333706068
3315076877
1262512913
2188339200
2189732183
3798340224
653677051
1977726079
782290120
3489873364
1082468104
1760490106
1654443114
2570046882
1944846351
2388567769
170973435
886685164
1877194654
991893974
3700624708
440510713
3297605014
768577961
547427540
1162423529
2052304099
4130777988
1266777799
4016845195
1123139973
585809989
648674228
573676603
661154016
1694221978
2570688846
3893462150
3366203398
2587770324
3977703894
1453924416
646069008
1575057376
280265646
2564913678
1136450078
3339827777
4217745357
2635675875
4205164993
4264189679
185296532
2632153720
2251060846
349696478
3076837800
2271815424
3534204484
3397944211
2242597678
370310633
1816221438
2504524689
846678156
3081896671
182107211
4146966178
499135518
1933364831
3021750180
1325165648
2914496651
796481112
3019424929
3338310647
67309333
3654426949
581122232
4080490018
663765435
3678534504
1639818942
2016120171
962321576
454116399
1090715973
73239504
299759907
1908409791
1603042692
3618514650
2111341408
3676439290
4108117956
1823353110
2551908304
3838709664
2189015709
274874632
1345243145
2899984222
2365641222
2135649638
1309877941
1920461111
1702403455
2889843860
3372774018
743601390
993997993
1759852028
83921137
2546662718
3318118408
1378406411
1293621247
3547914669
652863339
1519765321
2918078615
3110991561
4046354291
3351321331
2004754236
664890224
1394781431
3509959305
2867961563
3162307470
1118333704
3068186988
896394826
3174609304
3396822973
4137306973
1103568901
490573350
869929754
1184109318
1516412668
1042177634
1335817707
3042472506
3639777557
4057981789
3141334375
2542858831
3002303171
2547773782
3621384302
3546076164
1918004650
3271653753
1777058478
645874769
274032203
790059173
1148243492
3946348350
2133223281
3402353717
3672868851
3903057369
906522101
1298978286
771669702
3202775413
1221907377
2263992032
2073995062
1082008010
212033225
2285102068
2112758674
2317079772
3766861596
3148120399
1512301993
4098624162
3591796206
232558299
485735384
446254492
1450202409
3330159395
55588590
3023270184
2564134979
1348491277
928735773
939859377
3990715752
209442384
2693549064
145115470
4034058409
3348237914
1299751862
2026350865
828126083
1387072181
2357312072
3268678188
1386741476
35529593
140339297
259146729
2800176558
2768759527
1396703114
890491981
3167757184
2897184208
3735081114
1389210275
346985615
31319440
278454215
1734833303
3075464653
3527224694
2246639967
496288894
645109907
4183529027
4192584394
1982390420
762373289
224286523
814991367
2079495438
54228295
3756511822
2423133113
289033237
1335937385
2268432335
3460561161
2637346488
3076504074
1137023653
3803782989
3947569989
1801150036
313138588
1915688720
2305208758
3042680286
451406702
381767115
3497950359
3799973697
2404315338
2074383425
3434404407
2846894094
981890198
1988959516
1894778603
1971749213
268632811
2073363012
2690652906
3298584052
1283128645
1771618604
1175603122
3529775296
2130329534
414286904
786732099
838460629
2701856484
3660201839
624271372
3082386006
2257400783
1047311637
2969988914
3772922114
1602713219
2612955944
296642277
1931977692
1825599026
1138084249
2788428202
3341426538
472169513
4288341721
3413342297
729368261
2006779317
844237344
298862283
942433199
1063447011
696885580
2846219292
1458369775
3328141879
1210738907
2735751715
3252324009
2968660974
1149088777
2908832663
661635806
968476100
556395972
2394755596
3010202162
2002794439
1116016235
2320229935
658624616
3033990926
3538636725
3635148123
1712852283
2421457508
51924840
1415317586
2140306905
889322605
1527217227
625379212
1129895863
1819113312
2460209696
4094913587
2872926169
403278074
198005329
2439213266
273719982
2225698092
3952649578
428262640
3792448508
2298515685
4170436619
3503085826
914039412
344254126
2189242950
2726947804
1639358597
23924886
3431965705
970824142
3597110076
3338866492
2055165326
2299879625
2223381423
3112751766
3633458203
1060196595
2965927652
2088866862
2391414444
1201791203
201988765
2758425361
2181380149
2238897204
7494286
794057983
1035353562
3148684124
1339615
1341467864
2812634127
1874113085
3349067332
999416591
4193263127
3160597198
3880847539
245791120
4078383642
3218828976
2477650294
2649215319
2657965201
2870129454
1402388277
175897773
3357715738
766892186
1115466473
857591385
3489910130
2618748196
2013000285
1069188645
2159813338
2550887817
570422356
836134446
1600703559
2598496727
1555045754
3169922133
3053706728
2053758423
2075179774
4043759017
2093938416
3758381304
142001109
3515707827
2296308654
3251254939
1681635319
1248758837
3873724897
3604065965
2206964431
3935458918
2877689705
654856668
2336960485
944303998
2436925453
2288807309
3194233603
2056232481
2687805956
2616338302
1017943792
1613428969
3654232370
2714214278
349807933
800896322
2608959688
2592097412
3489741836
127417932
174486244
1130926041
14898320
610096296
1472883276
1258227373
4017390776
2207568489
585510437
58542900
3915929881
2871660476
2976030866
1264768874
545024525
177082099
2706464827
664704144
1418800342
1349606963
223837928
3016489485
1573762376
2281496506
2641995359
2683322950
1621228250
2695377351
1954599791
3008202553
1996389228
2347193093
1367325446
1710893353
993800582
479809280
2589188668
613824502
2943901314
832689686
1728145223
920515795
2159922928
353999457
3974135851
1616270713
4124909733
1761386593
1659845945
742632509
1631599423
2732256684
311251323
2901395562
3921080827
3334000095
1063979422
2504274162
2014663359
2585372766
1297466679
1268295182
3027271138
3258998916
71332396
1253774062
876483901
631242833
2431410692
2301715986
463333771
1933017469
3759439569
2516799478
4452616
2990213401
2953859637
4035136734
3120613906
3407457747
718660290
1194383620
3726546572
2502757771
2803011429
691328858
3357939733
1874005351
3454183272
3102905871
2891145686
3444702626
2925354704
3043810931
4210527586
1612894511
2061674924
3576755879
3077183989
2127345727
3501111194
3454231092
2501111334
4064023533
2020668013
2710654739
2250116714
3183402467
2790478498
1290395777
1875306333
3599681451
3239031382
3756545908
1976632087
3821727758
78033803
2283857632
191446878
3168783103
4118876127
1529493922
2681242125
2109594981
70439885
2535506408
1823296166
2059723546
845011305
2808547313
3032056733
495345400
494899028
2117753566
2572258734
3026657884
1438499594
1447184740
4072021171
355262531
2914803441
3929003456
40660203
1909991795
3929543176
3881148596
992095157
3032622975
4120531529
1169594784
1188597441
3071290721
3845575647
3605570393
2466226456
3176062134
3185431706
4003229853
1903426458
3457626074
1449344940
54676359
207838558
2665314810
228982891
2026623358
1583747468
380382023
3948205573
1126012719
3472487859
4189216532
4164960700
4269836647
439339153
2223945967
570250726
3816544390
2499920595
103119806
2198801911
881477967
3385943134
1308625043
2908466266
3267397234
2480619989
2278692997
1553565284
3874699662
3113587855
1804226733
308538402
2467619313
3933342436
3472175379
1916521080
1710045058
2696927116
327233483
4185049623
2789161967
1763545742
2999704104
4166607631
1394985843
2737837206
2515668135
1488344084
3567729870
1424117617
3162529559
1530818662
862823711
2114902520
50390880
3799120470
2052181419
1064634233
1826061876
3777382460
739924396
2194845019
944601607
1991762337
3673364704
2215102199
3891923963
1981951897
1240717393
1841677453
2144717511
388266401
2584912009
243209864
2036497215
4139091869
2391184254
3251035210
1404943565
1621734719
2546055480
3158032427
1139180724
4252626060
3723072504
491414099
1896181939
1031575674
1610770211
2955164496
3733601815
2958738643
4040869587
2820581555
3692441815
1536649201
1514837221
303046990
3506741266
3856568497
3470639605
2861042180
3537052640
1665166935
3218971474
2588703785
2900594541
2093382826
3644835171
333775082
3439016918
3686034646
2482929633
3695988192
3959194648
344493383
2704119095
1659167410
686383243
2616744983
2669965674
808322094
3856413467
340998724
275512041
2313896754
3491958132
2151113714
3849039638
2175651090
972927925
2128730736
4031835207
1456943051
3605847516
3887601047
1146774866
385090666
1498998166
4171950851
479323430
647205564
3426951966
2889242318
3139113625
4030962077
3984555141
1595171762
3207268963
310882128
181813286
2559494319
1928987682
2109079229
2384842252
3413043774
3540845674
59754730
2831958467
1047660185
2860654825
1030849382
2931161320
615970748
2992658716
2436051485
426630405
4217937923
41828695
2160872413
1061818310
2834097023
2766159614
3301589825
417761040
3365437778
3471248491
3257204766
653840557
2705372603
1225147968
3087979079
713453540
136910713
1912758618
4212062094
2585496401
2236220361
1666935632
3357336904
3255577938
3010436769
1472741756
2736406383
2046955412
1172496364
3723840643
4173840529
443154331
2529896342
3037351882
1654474707
2257526496
3476465001
1760205860
1454257139
2329110779
507713725
3619964151
3020677146
3373287390
4237754955
2266228900
3135611207
3613753857
2207753203
2329344231
3968627266
977561376
1655157360
165083268
235171591
4286386261
4085531438
131491102
2781729828
4133628800
3512480553
