1189515070
1998689150
3967830777
1580997334
1907374277
2747060657
148325364
4120889248
2685658037
1354800487
786941681
285749325
4147307117
3298684306
1558032805
3083206385
190875004
1647188987
2339651891
1763062746
1120512492
2306232534
788176224
3615677099
371745984
1287477912
439026831
769778578
602325051
2279236779
2728607884
2632327029
3189411537
400293649
1862568621
880534821
1395869706
2087761779
960669116
3545725830
3100841781
2626592719
2711377652
1125820917
3533987335
1979106325
66217807
2893002882
881160861
3221578038
3897652167
51899059
914311155
245915347
2872422698
3205434338
2418016187
2466095535
4290907051
1750182640
4244572823
2819714145
909957967
133747013
2816444941
2237540610
1337421469
4009192015
1953495440
3773447166
1428205236
1580717871
1050594694
48348209
2576832194
447398853
412751660
361298035
1515535152
1532752009
2350024620
1074418239
1140544569
116420711
393090873
1688396381
633510665
2731772760
2762256900
1851868598
2619571581
2182624219
134294698
2669360736
3275627499
137101962
2279460916
2259850745
1437999135
2802094181
2483910337
1618755275
318803513
1513243674
1150330114
1445555802
127952587
1683582359
1956545826
594047199
2198031014
2695368237
2362584571
3838312685
2121237095
1246202806
3709064174
1252412281
4209801533
3434584280
3392956110
2589274684
3192334997
966870271
921378912
235285363
2792224295
227169299
2785731959
2922085509
4140578648
1959192107
2826540906
3355958816
1270562785
2762355074
811489769
2533592920
1006074284
1284565613
1785803491
3380865621
770381329
2852856101
198385778
2490868764
2121701542
19123447
1864304009
2053253534
3580834038
1565311118
1861297696
211117178
2740255383
3167131156
2927625174
1906835915
1136294243
2656434728
51232416
803568972
2312835114
2417663333
3044920190
2387846039
3188125287
445501378
3452834168
4089694088
3982671921
435415779
4049120820
2002113307
1810654592
215929838
46952287
1809764684
2400599895
1466146313
2968987480
3617433494
243634689
611868675
662344671
3576193727
4135726592
3675030401
619463135
908656948
3623799891
3236021833
4248556029
1736605087
771799399
480574417
4161658366
905296071
3746443153
1295801135
224581731
2612853204
2487814519
428985156
1070742584
1928659538
2237287085
1308498410
1453379563
2766962917
2868341053
3184373877
1939973908
2938343957
1900726277
554039328
1580684064
1043474473
500270066
2555736453
4208761943
1134516092
2271279940
2567888704
507066451
526114186
4190064671
1680572897
2531448490
1254745745
3043249692
2824722863
2121151355
3089162267
542741322
1412141074
3809584070
977798706
1799697877
1912706666
1498560396
3956585469
3368978472
549133677
566558758
3119618054
3570578110
3525528700
3460211946
1323228891
901480313
282736691
2891057277
1189479603
1215616747
2274502751
2444004211
413108562
3741453448
1291533281
1533463138
3346245015
3420623511
2948069295
2030427854
2572389280
3973581267
1369570146
3078360196
3950930354
4014958678
1257277428
466318483
3732728287
732047356
2230295058
2182207812
2652487384
2443160857
3819659239
2192081484
3469225148
2695293811
3302885239
2183940239
1820856113
3232573766
3577654020
194727499
672264994
3636640536
2073978312
1405154619
3784426120
3788858216
4205900596
2115381951
3547559167
7703337
2467202945
1009666494
1445434738
901341686
695339925
1746103605
3003920911
2633293193
4026153803
3136483138
71386415
2960316669
2261558315
1534094575
2337887417
2550837150
1926767906
3120012700
46346110
2193048040
1002758413
1531399455
4001003981
2301797612
1749421403
2487880717
1823677416
4128087535
4089166295
346188151
1746408337
657117732
3500408563
1086644461
1207762593
3711886357
909434283
498894347
583644693
2506661392
1408333285
3572532003
1443146825
2989513839
2382493329
2862764536
4080605046
3944762429
3058970798
947714382
1308112484
765914174
4094415342
1224509525
3879653742
2675110663
3814457934
28019524
1755666309
2296857423
1901916680
212677958
3937511620
713139472
3663129121
3846962344
3238562087
3584829201
2022431094
1996885028
1725447109
1437977013
2095112564
2030334835
438792198
1893632181
2563207793
2812563349
3834244990
4121836141
1855185052
1116557916
4027736543
957490859
3307761992
2871233992
2311516197
2945254212
4082438774
1919198619
1008822512
919825807
926328830
2599146842
3898362426
1115450455
824942124
522835003
2423946092
1038419975
5335253
2217742448
1106525839
43126333
702840183
1863517202
4256774298
2414390319
3620545081
47006844
3792747261
1554213658
163990714
3397189330
3782480929
502316793
1339876910
2955983842
1322885316
585279780
2399423015
3461712359
2453904435
3648263921
787054500
581048938
1543649597
2140602703
1751874704
4174811884
2079060617
3001080532
2667302697
80545894
502450758
3556715387
3835319891
1683770907
1584677460
300646443
1546963804
1857689491
2772719447
3665473664
20193301
602837838
3244448301
3469760766
2083567929
165821170
2570577964
3799587989
4237316192
622415598
2488637708
3388300406
755893291
1558794030
3566862504
90576655
930417996
1296302690
1812772902
2584261090
178407672
873483750
2285827376
2239959548
270575202
2574280340
569844965
1746349136
1043347806
442982323
3283724315
569170822
3910442952
660206974
657525029
3298881487
4067757827
557686761
3403556777
3410695996
2620702378
2011074586
510516340
428006949
177061830
332467964
1943824539
656509052
3555618315
3687785116
3423278866
1942555814
434197640
1568271152
1675934943
2073819872
2620975331
2780677713
3012228522
1254598037
1893601103
2546027860
1931075137
1391107849
545017356
2651766930
2240335900
1860756729
1015563650
3007048798
414788550
2248102374
2545379047
370987282
199505581
722196117
1794281817
602672021
4047610266
1797449539
3466135654
488786476
3634095103
946757677
2031941912
567200487
3940057966
2886924468
2474911734
4163331371
2227429930
3898413897
213310515
824845003
3676075570
4003039039
297732096
3880876991
3438873132
1512268466
4174514312
2175392073
3935577385
2820109329
2486934587
271414085
1995702407
712500565
226027867
438546226
2541667024
2880982274
3776175566
3487581179
880232116
1217705060
487798376
2063207
17725214
844615144
3066014653
986538361
1252215560
1535707081
359879761
2161131021
1697279269
961934626
2043620762
335042340
981970666
604742055
1473404600
2628732922
4267149202
3659389120
1102635010
3936965918
3243529851
955868534
2661434621
294417283
1618465757
3683378619
1084625541
3693644862
2018146249
3772440208
3659063700
57299617
1861521918
1705958651
2014158723
3025065437
2958890567
1076502189
2080920850
2750408359
3093171834
1270818034
1258774306
3163202867
3988428165
1581722112
3689514979
2309480265
999689134
2794810687
1835244646
3271897393
3242678176
1574636889
2994102081
1247162958
266943585
616825395
885276210
3544633811
652875981
3682782388
3231038078
2358408179
2674008613
3220904310
1180914844
3001589348
2242744374
3267508099
40937178
3285605487
53260290
817621012
4203780040
3847593084
2375865649
4033162028
4111512620
2436757798
3980192618
2053372674
2775878115
3176565543
3933862654
1911315917
2967837703
1875561237
3819337825
3118696628
3596154126
3620962098
3197699624
1440049606
3847709616
755860256
810581780
3387881837
3467187084
2009356768
1677513756
3600432323
2973801474
4208009506
5555544
2265886151
75167516
162664528
1019118604
1808871539
4130448668
2430258933
3917825175
1676085148
3784049878
1137213437
3402155302
2682383888
3864289057
3686364889
1495769448
206834253
782267555
649368473
742053562
2874676300
2481574948
2228032210
4101993145
1596172813
1713502396
2147274951
1500251285
3861366058
3469985547
1886223954
726491553
1750679997
1303834826
3864058557
1575453694
513454962
1450063368
2235610559
3977548996
2382973762
1263158962
1880942844
1298190813
3157267568
1769418447
427793304
2878422366
191746851
2419367751
2018749321
2842897944
1522090048
614357528
343446326
3319027481
2849849538
962921504
2781369040
1574086201
732288211
3066066380
3075250160
2481070089
730731768
3409800816
3097033769
1152154439
3009096197
359120904
1102078427
4243571934
2331302500
649201080
2795758074
2298829364
1782229429
3733901395
2484269105
2290225755
2481713375
1409065671
857736117
1501690334
2986040035
2387452336
1963732269
3851901529
3579042775
1795486883
1200431883
2657774941
2884973341
3208916758
1853405925
1570826391
1459040526
2852357573
2379373464
310780360
22419575
2303439419
513350173
2257468144
2077448472
251297120
1805509803
907348687
2128120905
2237851585
3939486348
1616259875
57749242
4083271693
2254547613
3581424516
2987629056
3945574281
2775297031
3448744498
569851030
181824292
836999005
571133433
219141187
125714304
3511002919
3515861783
894096193
2340052688
3567775360
126401883
341408778
1088167206
2892967898
2065508624
433555439
3429399610
3187991661
1940123657
3120041432
2955505369
598869024
99648219
2698439118
3222138905
3218279646
391961786
363888959
3078298996
1315640542
3001587302
2762262772
2331022089
2326665057
1073773376
2724446836
2676540194
2054478420
3338367915
3108420204
2943000649
2535211768
4146783865
3612861163
1247312558
3837697320
3563803141
2069761808
3979746190
3871234317
2657228674
1322582187
918744747
165732128
1386091106
2324781931
2658212149
397087838
3510449934
2353352928
3983620684
2367894864
2594263572
2895300293
2097774816
4020333354
2588738376
2124928282
77476888
2176317398
2532050544
3529744705
1865522916
3242926802
121060122
3939855664
2837094313
2803341598
3535410052
2308024257
273872853
2611372193
2717844600
1869921472
3849639542
2298420427
128935544
2271374024
2371548533
2910039407
3273261312
3832697661
1822499543
1468478442
2394900983
2545081559
1227031203
127513880
376380709
1286815680
1110337221
1344714366
1540330570
2174131657
400363294
1911297057
2657222453
2439442742
2806170710
113708530
140441486
54839289
3972984484
307540745
42988403
1625050467
3346752187
3467031181
102023222
1549510879
21746591
473550435
2604806073
135888003
3601393575
2177905577
1930387227
2237800141
297824144
2591969449
1560300316
3625960589
826338698
2999371186
610705866
4222395717
2407688743
2585494468
2785912917
1944533782
70491092
2657955440
1338328961
26711931
2624149031
1662010193
70290284
3204266370
543414756
816971051
3985100417
2662035946
3797908865
2953065910
3773772559
3612662088
3284275638
3211180236
1738445459
207202005
685787156
498713669
2199891325
2696344197
2720781110
3521289488
3394984496
2193382782
727754519
3486073366
385207219
1610379826
3874555663
67110119
2533372809
3210362129
3891547341
2748753051
2683967513
1137941189
569340544
945667775
2127115834
1506090397
3031356518
2858831255
424088541
2628060707
2957933171
2667879315
2192132264
3695162294
1667609810
1779194765
3469536595
1068644576
1835962967
1537316197
1219313027
213412781
947167787
704844371
1097046167
2086491215
206519173
2361535834
3829937198
3145542728
3228583282
3541189309
4092611839
3080054984
1527864398
