1543768604
1975219039
1640187991
301738579
41287944
2293982275
1650310426
1781295941
265528327
289164398
2391394038
2092754557
3994418884
1751618146
3747115415
4231388514
3031329646
1102145135
3270159089
1630331979
1226484153
2577232463
3443899653
641805975
1911170206
2588293730
4232103943
1296764487
3170695366
1600196532
2892082975
2848094238
1056482494
1736523945
3172772611
669464733
3731612679
4286708530
3692868449
73825657
3001953085
2260709337
466778395
3403112195
131259544
3565135288
970853980
4205557910
983496458
1804034965
2034601359
3598006101
1667910746
1992440938
413400429
2260972458
3865572817
57077343
184631337
1133135051
1769408770
2193008649
2705578386
2488230378
1982965683
440089808
3380691456
3655823072
3008752477
3388457986
528747417
1075574946
3741008773
1744609472
2407530354
1654743162
2607735437
2698199890
3751118542
2260884584
1688757039
1903910505
1282938226
2484613433
3587464422
2539572098
2348498485
1803611467
3005185471
3384725131
496726332
69588130
1753789626
3186015509
583085783
3831653914
3163503370
639928669
1457596826
160980499
1226692862
2991480351
1212013049
2471661432
2499816166
2613640136
310807440
3177817898
3088637548
3648323398
2501877000
2976605367
1648403305
3013261215
1213038667
4040626505
1295597302
907983653
3459717272
2309345098
970881772
653505549
1580579508
3305803429
252902794
1154559675
1103739192
2873019311
992560074
2035369506
1664152552
3572786318
1423220540
559736837
937349963
1531934608
35161230
1134621834
4211267666
2702295702
2972354775
3862102319
1153623716
450576207
3681475350
26179856
990692998
3629562472
3966501189
3839261575
1601651924
1247705954
595412635
4267838156
1480687473
2185490534
1973847649
137653844
975911371
4284260098
4213293788
2889764673
3743279338
571712682
2254385865
1623358346
3654723123
2936592347
193874274
2532273747
528698337
2836743006
783220673
3682748970
3392088681
3273762520
144800133
3584590829
2138923495
3145523367
3395973491
214841713
3085954209
84335132
384013054
4080039072
1227179058
3587041411
1936335181
3744515948
1014609090
1457506290
1780206754
1652500933
1874757286
1378433907
3718994896
1827739576
2394957787
3445316102
1700980843
899489756
1522288911
2686834913
2080856797
2093653779
3392534631
3525148059
3362409164
2806169845
350221371
2705638391
511562282
589350646
1144879657
2222841141
3300342232
1376332766
2569591943
3585590971
2172039531
3156517382
619360436
763179146
3874132668
588534946
2575846434
2441396388
999868908
1980649342
1138475342
1169263191
3952170346
3870477172
1147045850
1326216
1999279626
2559793951
2380832263
1529746291
2974270899
2009180203
442089577
1758124323
1312471636
930540396
2843267649
3576025337
2288135140
1858560011
3658378344
3891237513
2724835990
324807147
1514232251
1605771520
3915117995
1781863900
3645948667
3774320124
944287320
2650057657
418541816
2336631374
2415289449
739762004
677093866
3502191865
4062311113
1131293269
1119740327
799449731
2233553016
1257175567
541412312
2936006567
326040290
1248412571
559431766
50334495
1310633966
3884409343
2091384899
3903560819
4287860161
1263972436
919839162
511498696
771159594
2504669651
2624990603
1630227560
477056859
1158604473
2733162741
3828452430
1656550610
2030015201
3739025840
2743920229
3612041573
3616802326
3180026397
265993817
1512568945
1627717
1088364173
3268611658
3227117351
1796363865
452309013
840928174
2922342779
587544475
993311072
788857580
1681943872
1424191284
431719798
1270566524
1827616646
3387548585
1175164295
2748748954
1509452600
3346493335
2050408565
3846052937
4031958354
2531519598
2258985721
1974511364
1263723052
4126825799
1947119534
2661078323
2204914414
788748470
3332566332
4221646718
1956487929
3634278808
3676008206
1772386835
975914336
40560707
3006683570
2013565938
2771287855
868147978
337987653
412839091
3568038037
4254711017
2325464203
3008457806
1170507618
1883050806
2569861499
3329283386
1177063793
3570791730
604209515
3522667772
2288975688
2810004971
4156842859
244246879
2802413869
2898141915
1951114121
124449044
1883499440
2877835370
4063132712
2294758749
2197419915
1024587887
1100952897
1105173914
4294709548
3337377728
3466217610
1994531503
1682744692
3970563493
2965090635
348451394
3675395972
2780411349
4083734228
3757466541
1677363180
1407505295
4215259109
2493524228
2711411012
1815922654
1814612509
3623962024
3862135730
1593088656
2038002723
2824520829
3933642487
212084291
2246855893
2192291630
2106567721
2303970732
3961556543
1090849100
3853767194
1642815906
3057372909
858204894
434945504
1146069960
3068756403
1563162972
1645044700
10885127
3077940052
1627093435
4132427261
2466120485
30132072
1576633499
3224410094
2339041160
99294309
2861983126
2729854468
615027935
4032730886
1970703737
1072045493
1984475197
1772823386
3050099450
3722650451
2292903287
1971886421
3001240196
2915519741
3477148913
1446445534
2006958552
2067023690
2289216036
2080297823
2469990709
2464341754
4001543908
3012768683
1763775064
640469581
1405323807
1921978559
2207229587
2632080029
562280933
2170119674
287838761
2127186047
3480469565
1509116775
594138664
741836094
1318405558
576528967
1151707373
3333846545
117315403
1190509888
3672471598
3388004638
2294120087
3399362848
4177523037
3697153239
3327888661
1222093769
141850334
1397834921
55537707
1141290830
3473471769
3579678860
2395489898
1185802344
2410816184
3075321354
1393624780
182409768
3537860165
3203318158
3174657729
2361512081
1822872824
1896379236
2482853398
516873129
1925756916
3807819791
2334071924
2057613244
87579317
3283176898
2871418886
2213863733
3852178780
1899726404
1066651933
4089064293
1812779470
815280212
3838298301
2816257269
2046865236
2460552321
3558332093
4140587645
3455800124
1410113202
1015879359
1426951122
1786807497
959095141
3451964198
1076383732
1930135807
1083791189
604737516
3945957367
3259725873
82631799
1932266246
3151689248
1187909967
403821756
1917778463
212131769
2099590672
2802591619
1551276509
1726132507
687400475
3007847622
2864714094
3042780696
576451639
3346690425
2750918579
2520609491
881251040
898503725
376584872
1975866715
849676140
3679520584
2360813588
1594230030
1800851837
2656834017
2422719985
1944314429
4214028303
3783813433
2034815662
12142368
603402958
1887212345
2707653812
4015580558
2395132730
1075500136
1215102275
794436225
172808068
2269111450
239055052
4243576639
3339629403
1038001865
3388586762
763890822
2936245194
288242199
469406977
1644733484
2804871722
1411014015
3909346821
765628516
2322323923
3681152539
871715982
3053445052
2399629240
1023116992
3361192689
3728288725
2470263028
2958556741
3161475274
407051710
90761412
377289596
2876555605
1485924282
4171607209
3945131025
2187005698
2497504575
119218498
89738171
2850654252
2237976346
2356652665
1580100165
4290182454
571837182
4194986043
1453794333
4139744495
1030791102
4268644189
2755153663
286849420
3406212504
3355572866
493479018
494020504
1772118104
3502310189
3829380255
1193796841
3437871028
2566325595
1943500757
949924131
971925950
1877191058
1089305530
483639959
4104325687
693221477
3590323755
1835789814
175216156
787694309
2472015858
3633948134
1753705844
538727392
3865107664
1118758797
1438522594
1382082963
2768726394
1294573742
1589107248
465605064
919286708
1192158890
3769009063
714932750
3511446368
3626560368
1838658483
3889321507
265975208
1820718847
2568324498
492697953
3963650937
2043965614
267952782
1854178330
1055971385
2601169538
1711804879
3792288055
1892239264
1603279998
3756112977
3843482852
147160065
1340406723
3271721517
4222229070
2761114079
1504720619
2999079677
3945552083
1727467976
486811215
2692538249
1244769199
2546660781
3868791634
1519719499
4221370597
732965253
4271064677
1571423242
3091339647
2531073513
2573519993
496397708
3570873983
1895899411
4048427970
1962809849
1340940601
2458185564
3800200587
710619602
3226184610
315201181
593425552
1146995894
1705255091
3623107882
1518073154
3198632523
2335125180
2985009600
2141955593
1715139644
789603362
1360169192
33461519
3099363488
482022132
2723159366
2666085114
2406670849
3043481752
2162887650
3547356681
3465762929
372800863
736207702
4008115955
371739535
4100792387
1556637265
1347396688
1014706290
350155848
2158345475
3619493537
3628633781
4200006970
1157185538
4091541950
2448410250
1323888821
1328636298
50467146
1682262591
1834703742
3232208100
1968878297
1127344249
3118472102
3892599660
240431576
2509258767
799815207
2222510323
1387857856
979821280
560508509
2697041292
3699100212
43912682
2806424347
396012457
521859358
1713054146
1179613875
2318436831
4201623322
4262589276
3476586305
3671579145
323728002
3328426479
1972479680
1752779492
1704502454
1355143697
2608231826
3980915056
2119622724
3919059979
2839030247
748118853
3742090362
1461592248
4062465724
93166565
1759343421
300727392
1249842512
2994562682
3371633987
45106284
1300623154
4229511011
2219997497
2782047459
4187499588
2114624460
2199036885
979723329
1263331799
414859116
3047524391
2425103511
2546408856
4210086882
4044396324
2641935646
3518772755
3098658860
3073709622
2877834543
3331548057
4142058441
1558985860
3035035258
790228654
1263066824
1118774912
1771160159
1788566770
564564592
2398460676
2402663438
775449300
1329436613
1164733895
3528055821
3502839241
3162100433
1112902080
2664693430
3249309876
1207844297
2293031082
2207052854
3159190739
725058360
2974629008
3443116063
1936724546
1446326558
4073171893
4052747725
3557979769
3246291447
3327345719
1953208573
3925037991
4084842212
1343146614
2705953814
3936920467
630006590
3166624427
2593825438
401193658
929281605
1959650448
3283064671
432640093
1401328188
3119188316
3235660476
1509374425
1732546911
1485731560
1546946017
1569765125
628516125
3546517271
4071027895
2855294799
3152347971
1780530725
3244309047
49388964
434480582
117137000
3422254739
115943
725233033
3219940172
1127918414
3695144071
73211472
1434386171
3734679243
3811763754
1091093489
2007967242
4272674845
816800745
1184341376
299836787
1532413611
4093577770
1173499287
140082007
3242365198
4278194015
597267818
934241264
2716912920
2988554001
481917808
1228616187
3482093913
2320975690
897119413
1445357826
4224382113
244205518
143358549
2684149525
2278678106
1061341879
2761371165
1807841367
3720150130
73478155
1852335707
918935114
227989964
55140859
3249856064
367172798
2296024836
4269150393
2957311913
3649619537
3910293744
3817682742
3893454307
1359057173
121835524
3442996741
1293856830
4164848626
22754578
2563873582
3711291508
2153193161
307228366
492665253
4284060337
1828016886
332776899
3335782101
2552842353
2512465058
3136529800
102406025
3382190716
1999591031
568256615
1721546702
4240765052
1000563257
2875805867
2935124661
4096851463
2516390943
3634568096
3242168107
730079110
2800090172
892100909
2553948297
2017961372
309862182
570829544
204501477
1133956227
3671773568
2646126421
2182817020
907944062
2955065270
1012178780
1482053859
