3349713697
1817698599
2652531422
3145313470
1395348201
398173202
67331150
2044236139
357390001
1291716348
135912812
1161613942
826131503
3199499923
497467936
2042018545
1945206053
3605762799
846345780
3794076078
848998
1318002662
50504383
3187166133
626560946
2708760901
2814849547
1900555208
4061342672
2051370212
753493512
86287772
2742732727
2315719761
2032993015
4144121742
1099486871
806976634
3981460881
1503722336
2673334470
3987371713
3442665592
2542382246
3787098280
2773864223
2322729412
2719440961
2381549198
2019828607
2105283130
408852807
2780136316
2929408945
4098004903
1886567292
3300406962
2410473253
2051120801
2066142987
2570787560
3064634555
1116490373
2957861387
2643299757
2873052561
321181239
3047959046
762494064
627876046
2681353972
4170683442
1210840698
3933277192
3053279216
4285027921
1105435776
2080584345
1347676561
2170174209
24476572
1859338111
782739393
2443360046
799376685
2131574541
3312622619
1221024515
3611963600
3143595896
3820743072
1333492231
659212634
2992077610
4218463187
240926358
3092902001
1285945370
2273245417
1411215320
3307501131
910902301
2278663257
3623969652
2040312099
413956383
1718979032
1049800095
252606959
3326920502
2347705347
2189493556
3873263815
3564585477
3133702110
323964327
2776746906
44726659
4275951246
3314197896
3058061237
2309676493
2423360580
2664614840
856728874
3507169520
918236602
847561660
4103196261
1727795627
2112453167
121298009
3398144545
2704418438
1504713367
112732966
2017571784
2301234772
3573395108
1141561392
4271251830
1839692138
3552935375
4092124625
3791894264
256077398
867859794
4262488090
2440651763
502068080
4090815633
2274923890
870671049
1748873207
1705444310
1047373368
3757477581
3419017882
3132873878
3825663042
1247449381
398040666
2854961155
2269340630
2349014794
329725851
1607568145
3099596104
4148185084
138984515
3889866691
3614528530
1134442379
680374972
1167443953
1343795652
2183284820
2923238848
2619827138
2075944525
432145175
1840854823
551789481
3326317986
705066233
2008936469
4267289994
3069806526
1204720537
570610087
2130164284
3217007204
898888765
697976663
1331849743
1179838686
1919781434
2793397839
3950248468
232801903
2694396889
2074697000
1367527662
2021503233
98776015
281453122
1432256677
738599424
3767308867
710782721
1745214271
3207070542
1467089198
4256078373
4088366928
1811241138
3700187299
1134376207
1118328241
1272211070
610499475
691469691
631578839
3058663688
2344281567
925672895
3506018866
2487932493
518074508
652554868
2513810945
1101362923
7621559
2841577974
1146901766
291683704
2675858910
3430105148
719770310
3883088313
2295294715
3617013331
1005947357
3540253690
601969988
544468448
3828851687
421671810
3038370123
1211053107
2072604551
2571973595
3657417792
260918171
2033280100
3791919610
1180059015
1379581044
3006524270
93832289
1583925100
2519327214
3902466148
122709839
2089406707
2489705656
917301473
3718461977
3874007625
2275377337
2258367709
4161090429
2470262088
2266095554
567408502
4174915017
1884161241
2860182227
322885923
3410065646
1875219136
1847754190
317590883
3137510530
4207391147
2460495250
1952376319
3033227375
3223022988
419287161
4238770432
3159654179
1169217947
2398178714
1326029147
4168756746
182266423
1558717114
1331073605
1053943178
1316238330
3379161119
2032416618
115874126
3187322478
4006892757
3986036914
4270436786
3746375757
852629647
1237044654
835494025
510107271
1532363740
4271113994
2967109168
479999614
3492073911
139494270
534160193
3160552798
2750975866
4041562193
637919590
3741639218
722661875
3501836229
3764612933
1023064448
312148165
586197252
3453382508
122028369
719592967
2377250869
3830918318
966747567
1886849146
3195541510
308826618
313829361
1326603860
2680380216
1612713002
1426777080
667488002
3271610070
2174096603
581435133
1920874593
456792536
1478987480
2523373286
3537300315
4161543205
177782209
3107125617
629794207
1048258882
826005899
190385486
1961615094
3918935276
3464482377
3244836818
4225630331
1107218419
2552012179
2121396420
1296256752
3073821566
2776544786
69547596
4285530234
278447973
116918463
4195517000
3777051589
224847305
3928623590
3385135565
342622803
283320384
3918027925
2706063000
362014548
1179856616
1380571855
1259456167
191297509
1725798440
1858513476
3393226723
2368593181
3879906586
4007082282
935184307
1714938582
3619722208
1914885886
928862848
1018076358
166936829
1551290731
1294318214
3033919548
1352458229
2803978948
575347576
1705199274
2746614321
502426345
1162032510
1584428424
1223352552
2315958515
2139257177
629235885
990660743
4051878057
2606839842
818013200
2218763281
1728722351
373779312
2651572836
262144295
4279777861
4065078221
2441329335
1013977725
4190765346
2217584501
681639316
3579749821
1019849833
567644587
4025987899
730538387
3096817583
2708040447
183455844
4237796021
283237493
1182945666
2599480507
1805528584
1706057159
2937705123
1022556325
522929046
2624503674
1002081786
716892152
3204335514
3081416476
2875365688
4042868314
3732873763
2102442238
598144761
1380753637
207362669
1831747909
97569542
2326834846
1929839823
3763014912
3162698581
3219940865
1453829495
3257565843
3714965071
2988814013
4189300164
744950625
1818423652
2072207395
3882252256
450233997
2600385102
4217163317
835825784
4228432247
1626095588
84492780
2343451062
3749912762
3373503344
3569620750
2459598748
1885058088
3708313511
157700089
3552114965
1608373336
1333950611
311624635
779027433
207280352
3214449443
862521085
1701006310
2414751945
1997648498
1789233533
2864894904
3858814882
1651102424
1584211681
2896039065
3433978367
4121361623
1841115369
3215905305
3629505807
494244437
1221844106
1527914571
4235376390
4174801839
2178006718
1992462877
3030723581
713744656
2746454724
3968089105
197336018
2140446286
1744315488
234270362
3700806536
3128491962
343032541
3641726441
2785975263
3688721861
3134924823
619534491
1882297316
199977602
2983731775
107775728
1089173641
3501433332
891487730
3861940412
331945679
319628967
1290417195
1199927964
3540404375
1484789309
313850078
943767337
3675559835
1964883560
2563456768
440619573
1891405015
3320157380
2564341818
2603076341
760357609
1223293870
2216430688
3079789480
276244122
1613202888
2202500455
4053715282
1042758664
3983297467
3883413366
2957334941
1973973222
220539580
2787978789
2128115185
2091636098
3312011119
1562305549
2994707586
2081452757
991401456
4237809060
3259596821
3139469104
738365235
3246320097
2484748224
2947059729
150419012
700967483
1151135515
4135819044
143521783
2015024398
1977323059
2275437469
3500298356
3477027170
712949771
3179610036
1816117037
3767536320
3636936356
3714548877
2469428406
142126661
2880443197
2469076246
3787263762
1269991581
1317379181
1543512009
2698712725
2201167281
388741139
1695869159
4177979523
2797980552
3911994898
2099901125
761208029
375368799
2572389141
3994730157
2150042378
1233718921
1666928133
1508278856
3159823743
2179177059
2808079796
650133568
4156732324
2541358239
198802059
3045658927
1648092633
3466172857
1215703726
693513183
1771701481
165756202
3871943432
3064009052
97630265
1745267474
301072800
1761804579
768332720
2684548526
677254229
2957829855
3195339284
3636866287
3055782402
722902995
3850172165
135345067
3807172537
2070068532
3024175510
302660175
4248694062
1402577186
2416414076
1420789928
316773589
790608360
3698879193
4115098440
501386431
3269204517
1921763273
1143913712
3853406248
3670259805
348232089
3651659360
2283105909
2661306264
2100527633
2739220873
2885055827
3470317661
1873888308
2714440271
3016811086
1555547586
636825445
2199921225
1782677085
4107628440
2112758379
2378222074
185053989
1359929108
3614397986
2294945303
2333798771
1940621001
1831225712
621508084
1024447982
838643927
1529243556
1837573613
2925719408
2183020662
134482622
2736934135
3173510281
1449883282
798782222
2655100400
302426863
742260994
1876481709
3567569227
4231822893
214244849
1075192780
160685723
978350299
3173668158
103821816
32050719
628440906
3508272772
2007897537
400262666
2219066727
2449260915
864425690
3673743604
438727527
1561710850
25801112
3236946661
2866334524
3294449283
3694006501
3630514300
2100687209
2685316165
3309364806
3900775106
2969492206
533121247
494157201
3255586482
815743167
3381744539
2678722346
397091245
4830242
4017096644
513208320
3527711019
1834674939
817352153
3902644927
3314022298
1440869920
1822334066
1560345786
274998225
399995422
3406632020
1500754551
3365271753
2249229039
1609044201
3814120563
600613887
1104157926
198395328
235272917
2596228410
270443126
1313868702
2875092463
3130289502
3502862049
1605582091
979001666
3090240795
3235771922
3186535101
2141119169
3675584354
4209649246
2048299150
2833749293
302061964
388014996
1763075485
286752431
647944206
1316208353
207602934
1827581014
2514627684
3719712307
2591335787
3588326119
1377769241
2943452039
2133109991
3183415003
3505151433
838818819
2509600444
1394575549
3808906905
1348015507
797102118
3309532741
3673944960
905943397
481827724
3875215720
1058876387
3594640563
1462665560
1740478874
1163446397
3602877590
3263610624
3115320275
2156780022
1305706959
2158336122
1190327375
387454514
2920662909
3384273920
2999530875
413529672
1811417790
1062208201
3727594733
2597676084
4230749373
2295066464
1372924819
1614875072
1851524860
1056818717
1106937154
990605451
4133321414
2042060484
3751635347
659105860
1249150436
2210756736
3061363626
2713310764
4110379474
560038704
838270419
668054613
976782328
1656049083
2873839482
2519313192
3402869582
1224517363
1484240034
1922554291
3181269251
2155827548
550005430
2655597401
3161171528
3707404601
392236471
3962121564
4191943229
1428109075
3428635469
2426294967
64710067
2194371237
2137733546
328254757
1840805727
153581622
572043238
3412784788
582989128
1456289571
4111256023
3941983820
2444617490
2275509913
1496144160
3006080164
3767287928
2028860185
391691166
88345323
121385991
3056472057
2381551153
428670155
1152264161
2317008584
1706677513
3154348581
1705958470
2062428661
1170871741
3905648227
1190000992
3253810560
258572832
3667798902
3790370126
2281037676
3205524832
3845829630
3688915420
749390865
3492939301
2385192350
3112864402
4090454334
3808262026
3448643596
947600811
2785033164
2386855280
3283864229
3876179346
164084527
719760318
229874358
2722749764
2781030196
3852284774
1036747102
4058813038
395121790
357781791
2439076423
4279569715
2296057642
3472444693
203966904
2801151447
181629521
4155859901
597632476
599527310
3959311272
1944061773
305809385
36576202
3954202433
3394828877
2000103525
3577998968
3105619454
305105708
2315594665
3245579825
3825797643
1816730959
3019607391
2287043223
3093621846
2552883841
172662685
1855683425
1058810074
4209086201
2900862886
1517960783
2882126422
3823778167
1012263349
2902600068
3999886909
3061535402
1507978013
4107096796
2353614711
290998564
400844378
4274131565
762472810
1807495653
1570505605
1618305811
1325123096
