1456326556
704127203
2439943217
1056583013
293644558
2425094302
57070321
4264252365
503678308
2072187952
967184114
4152257294
2045343265
2994916183
2531494595
281590494
4126956535
2933002870
2131239736
378326895
1665954623
1213681898
3942807599
620662700
1415958537
586440795
1897247652
726356628
1646768408
345741402
2509085138
4031683497
1146023092
2732338008
3511691491
1573419621
35297223
1286187382
1231938325
1424493522
3890102907
3719791571
2490586005
1043340853
2200090894
1415672559
1034506705
3858512152
960366231
3296712257
3897215578
2436598170
3776940638
450628852
4078627829
1659339815
3724971990
4034219304
1675385280
4100037618
619231197
1886573652
1978688552
1474185938
1309472656
3475857935
251315353
2605726221
506156197
3813020090
257515842
1297559482
3165079210
3661086451
2429602023
2957110305
896848547
1262240595
2845711864
772027880
3214235444
3137891373
1732213259
2276825268
2697158213
2860049344
1981259968
3287537959
2721828044
2951086781
2575514053
700921240
570300002
2239158427
2463589001
2924070026
1304507174
522000500
1047202269
3040889045
923560440
4233472193
1626873991
4193692819
2701102721
1960789206
352097396
1211678445
2739081983
3801013329
429456051
3743261524
93702927
578477013
1493741045
3664993902
2254835857
3405137867
1139539788
3159247085
3744045764
1650258812
2052235717
3811100912
3168798859
64485395
1718167897
721893368
1928491396
2761888581
2550503422
1974604515
3391310740
3378699708
3363278358
253692748
547975831
3515426986
1730039396
1954658477
823334279
668489366
2354741875
1585775449
589683182
2601707938
50306193
3704963271
3984510593
2708499990
988672431
533867427
241875184
2011569418
1017635337
3694325050
3005764592
2476205115
2366031315
3794628269
2967847793
435618228
3254671316
1805555862
2836176592
1611068635
1831123253
3125732020
2769446584
3513211162
1925481272
3067985737
665281971
2839373659
3205936048
1164994304
2073574088
3839988136
206283394
2069892975
725063433
3809322914
2831173534
2789812071
3591717013
3204197718
1367928669
3222160620
451662853
1828962864
3187464914
4067932577
2905668352
4165265192
4036721272
1699907538
2159246790
242385443
2565827128
3231862124
2835264651
3012729916
3803769590
53278117
781940297
1243396704
2001358280
3768124561
3244545556
3481301828
4244301232
2849638230
3475425806
3666290333
4106727255
612677601
4250998141
638945754
1929300973
3689216940
3602539876
3636700559
573597046
4249416985
2661235052
1340224277
965897589
4087486987
2894556474
1696708842
363261812
3242811728
1090644929
4081535581
1536166971
419391280
2000337596
768113610
1955887314
2319902645
2159931725
3961360103
3857268967
1934427581
2896380992
1095757045
653476157
2488011959
2928028954
260983176
291139639
3033222329
1994146039
647572822
1699640623
3600014234
301555754
2189157460
550665900
2415848655
511941244
3561603034
2514701923
2042978036
2439858393
918087842
1580930036
3035903766
1892363709
3136055139
4127428611
74838594
4253025500
1583657073
3308551364
523758546
2885059700
343867592
2024351131
3747027286
3016043112
3347842220
2754429728
2237785476
2213942508
1813856121
3049073280
222919734
2067400561
1095985659
2716853869
4184831868
3885984572
1441080896
3565585430
2223801492
2548030971
3765564075
448481945
249708237
1850536016
4170679827
48866585
4279851452
1375258315
1829882171
3538347808
3462325249
1225220270
122468039
2736250797
1151871068
1976736045
4161953942
874489942
3820229468
1512822227
849680123
2671633926
1549519096
2380239130
2153853540
1670500146
344187689
1949834266
2161614631
358322558
2314746436
1487888028
3706479458
1082224482
3234734932
2419098054
2164799874
1094674782
780867028
3389508172
1518612107
904987905
3212106377
2694380539
1126122760
3699116599
4200747498
3149295973
3334971048
2537684993
1057701792
1193109567
2839894898
1195923079
4270496043
408572028
418042774
295594394
1225113164
658793578
3538370638
1732065817
3484499686
3856453840
2266696019
538071851
613925904
1587603802
855284607
1396456725
1195383834
3702305051
460423132
2782287545
2401855001
3735612012
3208935518
968601433
3326445393
2740722886
945641508
4167803016
52834325
1639621223
2336049948
1770363987
2617097172
3160579959
504176273
104034238
324522460
3303573546
1750727004
3107458629
2800661917
2079890387
2027634130
4082056738
2246441095
1683339869
2966423954
2376088835
3389200483
2297081956
36552183
133423358
107985928
3426114335
3991055893
3156873893
833060570
301362532
1460333161
1119757834
1234928533
80663361
175447634
2656983853
4064405424
407346571
2502395504
3638502404
3081305931
2692261387
596252343
1254360377
2248884488
728561085
247129424
269043544
615071241
1852565533
2120250505
1859973841
3763599570
1987516854
1031008726
711663154
2080515684
555350627
3571924073
1579859548
902197036
4233229469
2592377468
1923808441
2323943111
1892683337
1379651173
1427638366
3597641911
1280473195
1757159748
2114860750
2720202245
1101414004
1266111808
2587865167
3942296788
1399726052
2194153997
1471277161
1025727447
2641072027
2139857719
1984274145
1990351245
2414809028
2900402479
2691085549
2845760912
934310982
506311578
2743750933
3703061985
3146415107
1967564486
2455303977
454016919
1935152329
1239451913
1089546313
3674172437
3636929227
2941635588
3430787758
1545769338
3484883452
3180951736
3276279327
2482660378
810565478
3223352248
79005427
958145542
235660232
1009353937
2596795272
4067359667
2382965471
3238097334
164561805
3731111186
1628205009
1915817194
639681212
4036816231
3409396767
1428295013
2237285218
1811602137
614314921
3488842109
1146334451
142038709
3062987589
2798346393
2447154005
1416723406
437800714
1826215990
2889435385
568551210
3989189769
1102521698
108907023
1488111537
148379123
1185441984
1035595288
254225029
2760378494
359976221
372393398
2383541364
2742725467
875018803
2941701091
3011022390
4118671945
766119347
4019661853
1216719863
1117623370
4068549696
388016068
2027741992
1938538484
2329052174
2419461575
1616274688
842030107
265762946
4029059265
1709873694
3816908810
512337418
1666619118
2162871115
3925554890
1801722427
3963800426
282455645
249365138
2137894773
2599300276
2959663624
689911708
846650666
3551449507
986454190
2196311042
3461000054
4288739940
4251797586
3632492097
472483940
2307309622
1636120118
791750519
1881641368
3230581458
38099384
2268310817
2691266858
1724100364
2003236157
2447456893
1668736106
1082427767
3840554466
3901930985
1524075966
3345160654
789313411
1854689470
2011675795
2395343241
2971058226
1258693626
1616751750
1819134560
1897250544
531656501
1485702622
2659496260
489330514
3084838642
185793842
3257301608
2684675965
2709551112
2124727880
735779518
1494426104
2561397422
3174177265
1065654295
1011082452
1542575032
1364888603
467952279
1634721996
867426455
3146108839
1280638335
2895504578
297284676
4045882460
741726666
1989581772
403074651
1818358557
307050908
446859075
51547814
168468325
1696883030
3369365489
3764896228
322106601
4166104574
321668009
4034719397
3634853457
4223984007
2574417373
268394905
2588557215
1787795747
2900167478
3133304971
1857959586
2771284087
255072519
243490477
3482275014
3840173677
1830272345
3441873127
4034745402
96276903
1455287811
2227342365
2104070429
2785591736
2043431495
3760100005
2064604032
2677892191
1371875156
1356096931
1349327347
2570259226
4065775986
661138574
2110145458
62616618
3405665301
266498379
2024604782
3694503870
1887971391
3295784440
3356784383
2679965402
3551360073
3651744187
207347956
2028880406
2771882560
3095954975
2704110970
4291061211
479768804
1510113638
1340525137
1127776743
864896197
4188045487
3742866133
2783490707
3303793294
2952111283
1998252354
1818572603
2596568378
3104163563
986474215
1946902543
425397578
1723619155
1721659000
3245752784
549776310
201119887
2370007001
4156542757
3308677384
184208739
965090760
3184753207
2150341853
2243487141
3096259907
3113040369
3369190312
3828597946
138254312
3805911944
3837171932
3255657034
2798041192
1220251949
1767612450
3064086317
3652916814
3575903511
3685308983
3977742912
2544830863
2772732608
3079571726
3007328633
411447822
104083661
2241317819
3773967531
159702296
3604288875
4218529207
925067476
486636744
1637143812
2645637982
3784204371
2634466481
4152887641
583602952
363493596
210461956
1699837745
1029255082
220208252
3680304715
3592567841
2775370418
3144155471
3547734287
4256079396
3811257137
1340361463
300154090
2712662389
2947459093
791321891
3981881316
770459025
244895998
2221165853
3040515134
270130144
1205601298
748343325
2779783537
2455004798
3454963539
2627259249
992188618
1332045367
2547845926
3783515962
3607008008
2540550567
728791275
2848739709
1604317452
2524584883
1955477397
4259650507
2367079461
3889927020
595423063
1550764956
649866066
3641798041
1625607880
3733715094
2461295386
3291652689
2673969101
1553362977
3234935912
768913286
3164750100
1687671252
1259261634
3356373641
3317539174
1136290926
3368207829
2675806409
2180016411
381329714
285528060
2543483809
3307785494
1304824115
283494179
2822739779
2924328
3941797708
3896742625
3655336494
3977277820
2228198531
2628199084
1721844853
2346168098
3091847003
3606853450
1388230464
243816459
3031327535
1639732746
2228294964
1754204143
2250692886
4253205780
19064580
3851121989
4015098452
494390905
1940592773
130919384
3832062691
4137936345
3372784245
2458697110
2733743657
3081380051
2243369067
2985504246
1576893904
3131546259
2001605449
298472090
683595158
3011640976
103067545
3912173618
218155238
2543607784
2420861656
1595055696
2546704316
1672600034
1228603684
183312587
1886839185
618029523
4116889861
84198180
828489492
3605313269
1199369192
2586926056
2563533454
2787747904
4145929168
3231203715
3718315831
2324282516
511123769
2959081009
3165046365
3922188555
1311817592
1647174007
510566582
2239280330
4023786106
3216034550
2066049441
339048329
3796195211
1580624369
4060614357
2307403964
2086738195
3072950514
1640492617
501123470
1359663321
1764712305
3672570929
2843414177
3712357430
3889930518
3973854634
658592606
2826448043
273568253
2487354469
1293356610
926686605
623976107
3664496377
4095886275
924172334
1830335334
368940380
1302239255
1293606009
3291156819
1713727539
2941180386
4196849851
117746755
3273401765
2998691921
3380389578
3910978328
2139199431
3797122587
1067139763
2926322677
1749043580
1284554923
3291797449
2272709967
2235516448
3533007741
2158257280
2327327194
484820219
723791366
1920178164
288350706
1328232506
765585836
35151142
1043310328
2498278272
3515263820
2567573083
3235988827
3774906046
875492213
2722426101
3297783832
2432269169
1299682298
1578697662
3014749609
1585731531
1540809557
1882984939
2988447115
2729743779
807229891
4287364721
2297844787
208843883
83942292
3493380365
3409552673
203597583
1085146798
2399884531
1463648537
79986774
219106321
1966003383
1488195083
4157953169
4121697394
2993588995
47548932
3242142222
2879520273
403771424
2025105514
