4110112464
1510089152
3649041789
3721958453
613687514
2976457533
886570746
2853418174
1275544956
834302504
2148988727
2163683759
3198073614
1444327889
2243356967
1255573678
3819154607
1358360884
1423375836
3872011562
2911602365
1993689715
754184830
88047392
2981774317
3241443022
2472455864
2545431164
2936580711
4073127909
2322818680
826192358
121785991
2630070286
2994907279
368333702
1864324292
896882407
1788272467
2665486925
681011129
1214551209
2227889137
3458292427
1248937623
919695110
2097541470
2799978985
3572940453
1734474164
1388177023
540825990
3398781952
29019338
1549253563
3476114251
760435847
3216079782
2289797956
3682438765
1018396053
859797173
1625206881
1821092360
547257165
285358710
2681666384
1462221518
2948297937
3842489441
1140404644
3699239682
1118759436
1644927643
977712343
2002285977
1149650156
258727617
3804977048
2402968324
2819282825
2911522932
386979190
3128714889
3808880191
3353485887
4145413709
1397964355
2817770958
906438411
2384716152
3013580734
1818662474
1801366205
2133058201
1835575041
1218429797
2928957596
2508095935
3965788283
3316297164
2457853285
1404729356
2344959089
2771009748
1260814284
522717635
3692871595
920039871
4240775215
2816093743
2716359456
4211983014
679297610
2260469840
4051139307
3681069630
198092809
120785582
2864302653
3963247490
1308839111
3572260426
3145927384
2178191668
1840316781
4262228931
2129745113
3642852204
3233975946
3009627747
2923838772
1441902916
418977192
1942821198
3430061756
1242457134
1475807755
1617959760
6254973
543452901
447455001
1079639069
2224430576
2721051364
3524839293
2484552390
4122484929
3316611633
2009114597
79362331
682569271
1616689379
525650723
1076752219
1159251640
3828540351
2968431677
3360616361
2730716148
940312938
2634263226
3804712080
1643933306
1784173571
2077788559
935510939
2575506467
3135710496
2518829601
866564050
1322003196
3119131029
1741031641
2104626519
2814809179
3706982749
2234275954
3395416835
1950140771
1326129803
1074836454
2615624400
68295374
2922697739
2717934705
2135717366
3484118255
3840762740
1492853141
2784649681
3519451921
1999825571
1723166096
2883979891
1067695047
1404340970
2682050654
2654231701
2709012102
1941772178
4171815317
2430272344
3871283968
3191612431
1829172081
3732525669
1653936031
2948025260
2661282157
1996375988
2132512432
3615273750
1658069177
1051527384
1769908067
264350954
1908590916
899808017
1387794544
1181826379
1523964231
3730079385
1634319642
2408585631
416564750
2460749444
2095865978
3968358763
319561113
2270285062
1624972734
1861704968
798354371
3478492181
3342226750
3215191350
2192362164
1689431657
512576534
1458906545
3123506832
3626061967
3022650231
3819734100
400655655
3488327205
3737398770
875710895
3723850412
129606908
1474400399
3690466455
2537207266
4048826625
2582740443
2130876734
2827791020
2264906816
1602689947
577804737
408718789
3043577815
250597982
1613326732
3993054976
3083343088
530548027
137020999
1285802230
2183092008
2008418805
1737925777
3550445427
2991663147
2111075233
2275763281
1321560326
2673788532
3046953532
3568566257
3271344311
128693634
1382182127
3759137040
2576355270
2507734450
3541164661
79269530
2553303503
3543589291
4017308522
1691769925
1150015146
4119836965
1472730736
4123107987
4092061978
3595657592
3049100455
3792146771
361943525
3127152754
624053415
4168467572
1603790121
3311403696
1677354315
3308342946
1883923152
3189762008
511448042
472031402
1322209937
926497599
461680912
964169635
688000837
1975123248
165994463
3522276560
1762656837
1112165321
1834918992
2202791930
674153632
3891077981
861073758
3260677026
1486185396
1754308965
3946567771
2519660579
1820142198
4014101263
23056990
2576979284
3445315949
1755570326
2190766862
2453871604
3598814762
265489544
2785365641
4116268291
1657811999
3996066038
1275942958
102080234
215483854
2153364542
1276829169
3812241987
187834298
1349124312
508564704
2236566086
3975165157
2817579955
744119280
2208916514
1250100532
1855427814
493373059
2730338239
3741573082
1004632422
2373702400
342800685
2854513032
3317316162
3702873179
2432630596
2916958511
3136084403
445612702
2975517168
3841131906
203682755
959379246
514055595
3351735072
2127343697
4028260978
920385368
1311423296
823413697
3052062999
1975759123
2145111171
3476970342
2382475439
3130365957
993174831
2641964644
2920003070
3459722532
1508156749
1692475019
2705063795
74183481
999369183
3421640650
2825484975
1621622545
2012710611
1654197733
664011415
1594925044
3509127651
4072090825
4075744414
3235536672
3976023391
4018631028
882361760
1213715857
3998232707
3762598083
3183580749
1845905641
1148999652
513188900
2287625357
1572830184
3934679977
3130751952
1774400800
3816906995
1014202556
3235968846
522342666
4116990699
4212886039
3246180443
1451690080
1189160709
574060197
1351985748
1580486619
774357948
475347476
3656062079
3622932589
1517555955
3576267782
1351609490
245545372
1806942164
2507083760
3870786232
3404837064
1643190588
402764471
3837785628
1441996642
4126656973
2500041450
764121445
2873411702
2064137011
4053976452
2337288365
637474799
659560878
2833037340
3292256659
1580541175
2950467042
4068116626
3464216038
2166555045
3287151854
3547414678
2535217607
2561822069
4069276315
3459477236
3730464578
603514619
3688150120
3865823812
2068037493
2567847235
2322083856
19182213
2046787295
1388211309
2034498932
3678584386
501070055
4074814823
1288296417
2961986459
1696264804
1369151023
1217566592
1446104209
2614670144
1001277080
2631588838
862551701
2344733128
3991569972
413617378
3595959199
1306775180
2994259509
4252524074
554814452
361217955
2886106586
337415300
872777218
477431904
307465564
486516896
3566229237
396206994
3726245573
3655658117
3526980415
2005094160
3528016928
2741637510
3389949003
1249560584
2080634645
1590401733
2683743628
44440911
3774620872
3905407418
803252482
1658746914
379041583
3996566998
3876572304
3441801246
1055843501
2904393616
2686363015
3781264848
3936766621
1565169543
4176771866
2239175409
2735224133
297284917
4107094522
3820406627
1343087374
1642525240
1267994856
4171755948
3571199557
1937801007
4040262333
3494780222
1859341706
3944991067
3541363647
2181479758
3762660537
3464983760
598867742
2517899223
2301708704
2695245282
3327242895
4026891119
2994614203
2259155871
1129368021
388159712
3420528927
395602238
3436144775
439129448
2562454568
569270743
1464471709
3194944529
1550938119
1011125983
511195664
1048373037
4055620161
3565443128
2951579865
3223475170
3247738733
1599729009
1007189322
1199945690
3736036293
1747750766
3253158478
477906361
229561436
864208398
52774479
3597829273
1524439753
3373041515
1708701947
708563608
1568124716
3135051717
479379767
3526651597
2723268187
3385297366
660070568
3004378153
73042722
4074952221
2886034349
241742133
294502226
1787961409
4258854540
2183783944
1677694716
3039532012
764967079
1931326913
1897600371
1696262537
1028744732
600781941
1837050997
2529741229
1884873779
4144560604
3998397797
2805426778
100525028
2309413796
144452461
868777781
3119965538
3456658991
3127908073
2902474079
4292512074
1887459411
181057366
3626725766
1969667051
3781875238
3462870481
863843935
593824772
3730596790
393993923
4174551762
3667488214
324607655
556874433
3410634581
2075709477
1446272923
1697480312
2527164969
2237980091
3299207314
1329929577
1910581437
3391289862
959211095
155011108
2802491192
1766935694
1490366766
551634070
100898127
3789794394
427584430
355849450
1521526014
2345090761
4024119302
2997692811
3826518757
3428552801
1957299722
3103841247
3977655970
1401817891
3484313750
1428787400
2166671696
433483703
1346130247
2559530477
879448692
2593804710
3312568273
1291369364
717806705
429555346
2672468854
2946816612
2850046480
2514504417
188265311
3073958710
3230705081
1356471018
1668101641
1881337663
2506498685
1948055497
3058824667
2511397998
2928770800
2829644983
1912060584
1392363225
2935286410
1192482904
3204451540
1841340601
1126184466
4188588163
4154704703
2001272701
2085228270
2406339717
2320539931
1342327394
814669413
2198041412
1075526609
3409970241
2998957317
812772757
3047826932
3549393598
2261591570
1675728309
2075442910
1636701641
3319524882
3139940830
4002856272
514365454
3095561626
3993469378
3653637501
1985913321
3994667992
993439049
1029749446
1832227994
728879721
916694039
101565927
1755196767
193389413
716126864
1918292398
2752247423
2185959613
3401960051
49931638
4105204221
2876914682
1822733048
2776776485
2931502294
2937102726
3743923926
928006056
604100794
4257509649
254506146
1449102301
1135309231
2655939424
929701073
3941651337
3769692905
592977535
845818036
2565796426
2455089721
2789377584
639324978
3285947532
2550384905
3312560792
4101538729
1706550351
3203879632
3238160454
223815203
3690295210
3053617642
566881365
2485849332
1124807662
2343226357
2287227263
1292744706
3149735300
4273531458
2649468154
3873931456
3373202527
3324507325
783897669
2182036989
3550825349
544148239
3772775048
3998244015
1568409581
1840835725
1963452345
3084970849
4213136071
414314084
2329077658
303586762
763572826
851615870
3211210776
1978108394
529267559
2080524692
2469048972
1779521041
1522112888
1531124691
1058381359
383201447
3904286726
3900409085
2221504879
3286062445
1198062453
1489541558
875689321
1493619911
4031829000
2967833952
678966596
4106545068
1847272756
1560915242
2100819708
4277065224
2715240447
1815670283
1322215447
3665225681
3608434295
3867773914
698786883
1492770900
4204337037
3581127833
3170582985
1283686056
1234931555
914987096
3050424761
271799946
648500379
1253966497
3618020692
2240804114
513579012
1041729418
305315801
4244511389
3390639147
2552177989
3930118366
3661065747
3377965257
3046918958
2748006162
1091222982
3237782911
3728639382
3741587664
3755535679
2375216128
3527542057
3456821018
3486786478
1066994110
3413515209
166249998
872996314
3653421667
2438180516
1953284103
1642500113
3480868227
1290806151
1486626599
3026895355
1726950897
3917006713
3278137842
2233193791
137696961
4148237655
1754819554
3647421200
4272006738
2266754951
2810522802
1082055387
4288355945
379090946
715042062
417153201
2846630484
2435850311
841601467
197657396
2122209923
283271828
3400095052
3759410380
1345994058
3858605795
1964777491
3537447708
14731489
643852287
2037236912
4270796269
2103611124
3141471722
181302731
1251576304
256979011
41015567
324309319
2935623385
185233513
3857264554
3281910564
3822186072
491432949
1320276495
3941664407
2387866438
4149354555
3656788913
2357246929
3835696044
1013577734
1850609650
1504910698
2044087493
3113756834
755690084
2022447783
2160619051
748969229
1202749295
1139463009
693701602
210547184
3438111113
1515410823
748032822
820260238
534991780
3345663119
1620444466
2788339818
4157507285
3314720447
1591969341
3936490703
2941237906
1537672476
3684682590
2088197796
1674656725
3520891264
1568249654
2624815065
2190271933
3646037664
3393990531
3090244605
497005210
2455529724
4148104445
3266597389
1448024215
