3033754065
3838673285
3411834011
4230609404
2715096727
1677268372
1748833041
2176160254
1120096091
1311728431
3943732042
3595325750
3510460259
552682347
454607749
1852056593
3056098594
201604964
4143425680
2135983394
2439686616
1315485168
1107667707
470588310
1623038217
2684799015
1497399398
1623260352
2487267052
2989533794
1223393884
748937100
3172790405
1115971939
463773911
2021582344
860438199
2271562744
3981558357
1987711960
3022009048
4246083397
3224092666
1296049680
2042779889
1766871679
15728112
358730072
2769367261
3796957784
1584078453
2299638855
1287158507
1061312569
4243390843
3297487962
2434150298
3360553192
2638785344
2352809296
3195367547
523833478
2551188562
2866418559
4261766021
482917727
1728595246
2585521656
322394986
4078342055
2125308950
2412716321
378383956
3416817943
2865469074
3677284702
3332399580
2582320817
2626957007
821399369
2726369063
2362660277
718624359
2200386315
3968551976
617601871
728549148
3261908411
27955734
786892706
209139147
3003790636
1079390363
1323787417
3975586243
555051300
168052924
3781341077
647687805
301664567
1801976441
289054157
316706060
1801492780
1893827790
1333066418
3564668611
1353717491
530949956
3269668514
1104189977
14809424
3333894165
906332591
1630891223
1498593920
3461680545
2478985329
3763310199
565030999
1665428228
716644054
3839555168
4173579787
2153654090
3529500465
4186168781
3313346256
1163157091
496205007
861805706
3911956813
1581817804
4220918676
611613478
3373087598
2725857182
3688012219
2488403177
1294376782
1194136841
1409596975
3152463407
121757822
1384744697
679767442
66690601
933781719
1306606798
627177394
1767961945
2394306876
2074223476
3327864530
3550928210
161461204
55363814
3495492622
888285090
1892526977
1912652479
548791572
519194879
2858279465
3573673349
4271243901
3857588017
3876432533
431707386
396460136
3527337086
3633661926
2103330194
141013988
1030934985
2385743852
100692331
227523293
2690158935
4231472558
148886543
3113740576
3536495705
1316563033
87392736
338868196
453822179
4190897771
1495926667
582354854
2853463655
4257887339
3550884040
2723707127
94307540
1169898646
1729387970
2032212244
443889333
685429860
949732527
1104056744
3967865589
757021402
2194137336
2781031700
3428346276
3976047442
1802450105
854727397
1149158514
48859978
1134199754
1872399707
4161780259
3861933382
2558773706
3605388279
3740969594
4244659104
955266010
4024893311
824829979
2306559950
4041018991
1929910791
2035320387
1518502767
1459856664
1471557064
3554934063
613362316
4194797059
1379635040
1495551979
3421615975
1589122249
3624026617
2543326471
841960699
2914542915
2199579819
259235436
3950650963
1504846059
2823195068
1465357700
420456855
1805307561
2075199054
879072690
1554075067
3621056816
2007526633
1016811411
4165575111
1112922143
3550401076
852659672
241054188
3290001021
3540117590
794866995
18871248
332660770
3922800778
935524906
2021016393
3019395974
2291214082
576132730
3550408950
3179737334
278406778
2663048817
2363510315
562625433
3783481444
3682351427
3604650569
938272896
4117430846
817733032
3792918956
2918529759
1601515144
2922260634
211221892
3085211383
2188831018
3038992099
538213020
1202850527
3688160459
1241383245
3005960550
4193796421
3418598413
1980249772
1802262146
3593514460
3001208633
2344013275
331161469
3121483220
220377550
946918435
2086669945
3360490862
1962857182
2047734796
1427037962
1393874909
4094522986
46365258
3704331631
1134784860
2626950296
3739511035
748618182
1481856309
1816683951
2135625713
3356571083
1001156991
100318334
484441540
2407957143
2774393565
969901470
3875013920
768784334
507642171
2462879529
1713142045
3469352386
590443547
3153087106
3869911442
3500094366
3950114280
1818197710
4082704045
3239447435
210377912
2897894902
127475956
1399953367
1357096274
2910263734
2256415830
1030584364
3749614104
2861499462
184273381
187519174
2274216924
3762077767
2125961213
88492793
1329107541
4080107884
2693823650
1334382368
2747939542
1988205406
4171582667
1992068853
187299268
2277281420
3687691002
3754574419
1737317363
1385753802
2939216394
3712912882
2464791242
329624146
2065210757
2108240881
556858714
3991920887
802163183
4082249145
1783599019
3975081142
511620426
3525686529
4096872227
1736276201
3295127545
596338965
2610177633
4099485805
2563494311
3172424664
2615307566
515835821
923912584
3392740760
3636937469
596094097
346625275
4043019232
3531441859
908010929
2273636421
671599843
3806544366
3506853025
1776112744
2841021888
1698203479
3482970750
2820420021
3950662304
2230207703
3269779277
2024221355
598904338
1013846634
977699355
2864149561
3258888705
2611847166
572207415
3280180745
2568960936
3005912893
3630546107
2444198658
1479642949
1392144009
4198720156
1409653524
193625159
3293935238
976616260
788137130
2743140413
4082818622
3140748400
1291398157
1181724305
3288809135
1502291846
2449792603
809037116
2658141587
1183282354
2856155130
2625931003
2267544086
1959117476
1588967788
3666999712
1360323890
2078981771
2873285206
4043581458
4107014193
2945147348
3045163404
867707348
3872710709
547215068
3531957279
3201423516
1031886301
4033164864
2198781910
3397312556
3642100017
506757129
1216939379
1825406304
2940372688
210229916
223350710
2558522693
3158025198
3230072429
4129384648
3157831636
2441944469
1976251850
2101211667
2894169644
348998094
57553332
1849864216
812919608
394086289
1315451542
1331693547
3157607557
2149069879
1431074936
2451684985
406281550
2151838881
336611978
3043066218
752679500
3241235270
2154118058
3307039842
2058493290
452427077
1588288170
2319321845
661743589
2050328131
2504909981
303324722
2744650171
4148700524
2405322590
2415930500
663498700
3972669494
2975481424
614000152
858045589
847222542
3545816929
3727162459
339549485
1149516481
3092455119
2866344522
648865858
3476703120
2127071988
2639370975
1867486874
772772564
1459282750
1496967280
3805058827
1972645053
4034749244
3745737489
4127412769
346078274
1714898710
1416482812
1607802773
2027942214
1478047133
2885678024
3848140907
273030435
2946535058
1881187531
4085720183
4130353555
4031192018
1956060108
1781847899
3945146804
3959908668
624811052
1236958576
3298537786
3844711652
3877424126
2986716463
4087976223
4039649946
1190730423
3495347296
327336365
1029687990
1160019698
2511415919
2943275057
3631323685
2375858271
1216214932
661558963
1118372239
830654627
2051342824
2507535956
1548948203
4291022956
1007436779
979256243
3072527943
194716530
2438972808
1412488863
3011523758
396389028
1147673630
3130262155
1651147465
1950663120
1671973391
937062427
1123856919
1132015944
3478159328
3576686966
673616822
2958425438
4030295681
1624059605
1743415198
1211101266
1922597696
1021769016
2859534104
3638167665
2740516859
157215784
1336626917
3901244958
3912577371
2899356756
2450812889
3792127470
1575655123
3912161323
2002749182
2004919038
406139185
2088405304
2263772502
601200244
2993717721
3946180476
2375206449
2143625211
1534602534
2235861832
2443029150
3170985945
2931551140
2855225891
772438358
1160884486
288905550
1478696070
1305209535
589188305
3121032179
2958421423
2984337599
590284484
3171614943
2130789559
2774950140
1178819648
2493652485
993551156
3699502075
3726744452
1199360172
323867800
2450427543
945135705
126224566
344314942
1850352863
1894508375
2350984119
2208595100
2328406631
1862578437
3718897527
783206100
955482158
1446702837
2003643367
2418409231
3611628877
3363666139
2342733416
2393427007
1925419688
306499203
4178149993
3789299627
654350687
2974222858
1355424553
2169382590
4137765426
587980257
1313728250
2697538003
999452266
3183328741
1243743301
1610515216
2080661278
186349901
3798958548
1492391742
2556755159
4164811304
2825120532
1965110036
993053717
1962792140
48385086
667981836
2935049956
1654399794
968366511
1798404553
3305570925
2350688712
1032916506
2518304339
81358427
189874322
1260468051
3567736694
4151869970
7110767
2621711295
508181350
2113677653
3792196350
3802872949
564003335
3658272744
1036790800
2977986263
1409541690
810744152
2151682660
3281436450
2586596987
210042698
4275251580
3831526594
3052435070
3703740353
1231350620
1441737275
2779406223
623041762
2842350621
2395517129
2196392065
3032195836
3698070350
2663019980
3497010285
1262496883
2533558676
806331148
1235641947
684054861
3999934427
4172497139
2231401477
3667112421
960999922
541810574
1022226483
3750885766
4102583062
2813526531
965951162
2530108056
154449174
1834049917
1856166274
2277698091
2323319400
2381939091
79450550
1607469203
2257238450
3861822700
131572373
2200572343
3801003545
3187411935
2893628956
334105697
514240274
2748701872
272220849
630269510
711277482
790075746
1531795615
4219918000
189269272
1988828493
2977188956
654693443
741517861
1471210846
679156403
780581765
3342502078
1401779880
1448675460
2659178272
4159129805
3240235506
3768459260
1330661324
2996135704
3501943875
458819994
1998635343
2385235883
201612484
1947172426
3808953993
2566110149
518450176
2948021203
1365412117
138743701
2672333454
775656514
3402414459
3785164490
1774758760
3893834362
3310804886
3391490116
1862219699
2301322583
1438582135
388382751
1000095277
929153057
3822654963
3984964928
530553494
1969795824
99020299
3705381144
3085326820
3884324521
2402788352
222601915
3143780466
3219282372
1871632009
514468070
762208925
3331060323
2688421376
1580851487
559690322
1171397369
3609857631
1255473359
3009290377
2661834478
1003445972
3533925662
1595842910
3985751108
2570287176
830106101
4107930935
451561129
366393718
2650478922
613868099
3808508844
1257237334
1194025492
1180107680
1648969361
435370076
2716361504
470452518
3907230097
3790568281
3725582203
2582977771
2003065407
2019246574
481800829
3052701473
2265317513
2784453442
2055206445
335059568
375775051
470931501
3315146567
675283871
776800070
1511359124
2729017687
3269864150
4028745736
3979689880
302335387
3967377600
3426819824
477253343
3768124779
3333729105
671806846
2718223276
1432065172
3739871600
2603911923
1194792710
522664013
4260523802
2990511442
1378571800
635504620
2794203426
1453811254
4133395398
2179949557
3752809117
2321671171
1792684307
3018893967
1921131071
4001297149
872945485
3939773341
2605725070
567727294
2473347806
1556578149
3596310768
367381522
547134977
3636466255
2344255083
1251538512
3725153113
2015569000
2305519071
2127497559
1666281989
4012860717
1926388200
67626751
3822528755
3756013943
3239581456
3165956941
310307779
802907200
691796169
2457635032
1872143371
3655641472
3594875562
2047990498
1761276612
3807337269
951452113
3909611383
2311693667
299295217
1895581605
4179357569
429536116
2707885390
1494435849
844918784
937028590
1579284796
1104117343
1855841021
2324125724
1360655134
2151321795
2524029842
3799376115
2468239110
1714013401
2297150336
216223213
3464836866
1691166000
3439584677
2270474942
829177311
1814515764
1108604836
2685031223
2817787425
3241575065
1037102923
654996919
1579715657
3146840249
