3479810893
3641546349
331379245
2906538255
3337479040
690358030
3509702221
4160445457
325023629
1216053786
1059266246
3280332763
2427040996
1620678718
542134225
484776836
1294814606
1996687296
3902442397
2227673673
2254352462
1522291909
3568764471
3125706223
3414640086
1150229832
1139774907
2588741623
1305327598
2637251766
22811333
3818560423
2905233872
605385176
3488132399
2481529129
1313276719
1786000382
1836792475
1327738479
1730424856
3318698475
3518424146
2863201100
233116716
1131982876
4195896961
2328558533
1676939932
3579554735
2783800504
121075749
3997576124
1292270244
3355822637
1498022701
1020942586
2405515288
1260414601
3118320465
373983818
2810106027
3491384798
2912542926
2710399438
2585877780
2180202357
631268123
295823546
3126944449
1360540285
3181413142
360753943
480978854
1940171433
953074673
4137870985
3825329584
3460740235
36488416
3433152184
2511250275
2040435650
3610656785
4189691627
2264391929
670518317
2353556
3745232028
2628020552
539054158
1329217050
399914662
4048640711
2603823011
639707328
1679557340
1824124703
2048840178
2755198370
3390106852
638378850
4135531538
257094124
2089054779
2863530010
1057217740
3621105313
573983617
2206587490
569984710
756140182
2489536631
869541729
1345569629
592877905
4293192847
751995669
3417484397
1507274034
844583498
3687954149
1285647363
1158065907
2345162111
2912504908
100746948
4125353128
2812453491
2390477605
352126442
1011082890
1388469923
1003517736
2476268530
2487037857
149684197
2516314542
4043695337
4270106245
550651471
1802099202
1428156630
3416903636
3090540893
2799120786
1548709344
2408945209
2533866128
1793383930
3660009399
1239907775
1816730743
3074205972
1641626491
2423880736
1079597086
990163
2379499337
2727468855
3080258060
1824650720
499533598
1905810444
958775552
2713039298
3862084228
2637046933
1848221995
462514573
3803875709
3241895511
332121423
119541566
3728623613
3472654141
1650723248
2300410681
3912452228
2220005941
899573343
3555370069
1802025797
4228156901
3669720089
305714725
393361723
1526420273
590349471
1474124942
1976612776
127222138
1492156999
1605404027
2900860020
2991541184
1037806907
1205979557
2759823151
3872586146
2235191153
1448422011
2421968182
648722603
1178857204
1211307130
2100585892
3247649252
1381213267
4259524831
3840620867
4221570274
3183087228
1925970054
3065836299
862809029
1554324783
521197391
3135210451
505222817
635727973
3606591409
3519121782
4245166369
1000636631
3698889736
298294772
2908026312
1313893374
652134217
952406546
4199968113
3371337517
2600079334
3151163077
659391936
1766590842
3825505323
2797085195
4259020183
3746775235
1579423654
1187479566
1845851853
3679085251
1968922634
840939591
1743807308
413337216
1981050265
2403416330
2758118010
2960317711
2444907558
3168915097
593964032
437166355
196634277
3941885811
2774318014
2001156043
2793274772
539057939
1940153522
427376203
3904398195
2115523096
4281757333
1853762311
3368898440
1186176470
2485234962
2448689075
827296114
3428090114
3538487352
2384480303
1670945821
1937475088
1955167820
861580908
3027548615
1254442049
2884614535
3341912808
1005767198
882267014
574321237
3259988429
2209292726
2493750586
126974392
1013698699
2301158774
625711381
2605405697
3236615748
3730928117
4222259866
2529774246
1277655144
3329168989
2955945455
624847497
3850955134
3964530829
433278403
2097785654
1166454561
2621056272
3415302876
513324569
53073076
240534795
404719728
3408815096
3984419408
1188954923
1373580982
893330162
4248846850
1427073218
3136941545
1876248363
557372115
1463239458
1429786091
3694460553
1062866971
3597703255
1782138794
457768780
2425282204
552738162
147978076
4051166305
2994966812
3568195788
3914151415
2978853838
4185552564
1111032098
565409196
2950469583
2575844093
2871191766
825371274
4161357787
3468409826
2167621409
3543493258
3001459384
2961419744
1657151647
2087185749
3094133715
3452913496
2175724682
3687829557
417692401
1088103596
2912446443
2379201657
844401273
3227813236
1234145073
3042415525
2738951860
3010271647
461424560
1840121707
86313098
582437008
3204482306
1538443410
1454485890
1891236226
3199882886
2033679059
1539796293
2073909298
3287646111
3973290524
1838870356
1048484588
1229906909
865345959
1135858839
486811879
2600999307
2669643639
2447065455
3341643540
859083795
2539797960
3417432325
95839085
4071577472
330575439
1506618193
1749669186
248920690
4204513662
4114439204
2307366008
991727356
4071106621
38899370
1126054504
238841953
2251431769
2129849109
1369112957
119770439
2816579138
807011862
1808216378
837209738
4006127793
2147507870
4054365591
73327962
3326930208
653318740
2331170217
3635686602
4169468380
1852441955
4127732224
4181790372
3391733550
1145845960
2852025634
2350569327
136109716
3926718739
3506098948
3654868841
2223394835
2651258225
1958168837
795041294
3505731519
3059710846
2132962086
2056319653
4232607783
2597376417
2624752563
1838492433
3592061482
1303355813
2331045992
189462742
3729935678
1766661700
2587532230
3775255431
903272861
843371279
2894693565
533937394
1910856276
2404996963
320459417
1450428
1075426860
2908595458
641783420
2909163355
4113481405
2111371233
129509395
1442013326
95761311
3675704828
1468062120
3658088882
3720190252
3181240928
1005433736
1040342406
3286650047
1145346407
980043955
486420653
2274641624
3869732511
1709567877
3669054063
4016408625
2450745088
546314073
1830808292
2552724069
2585254864
1288734630
3634978612
2595976435
1888006849
3166999689
3840006083
488816943
3857151532
1870431261
1320866
417636242
3922057529
246995272
2813043584
2829223885
4080019424
239590598
1312006921
1879136800
871073730
560934699
1439662254
513301027
2925144429
2240308758
2685842643
2802916661
306713262
329682592
2351897785
2562287557
1014112581
1930236008
4044318184
2885618961
33296351
2163364956
2236587360
2862048305
2218623001
3018455750
446623582
702337124
3385931788
885597156
100719742
2892842393
2668796214
1253300908
221120959
1328052691
1112867482
2730508473
4029779858
4189470995
51577593
181303487
2129047603
3035630627
468903353
2952340859
3784710864
2068675958
1218000871
2732194421
796230526
2086376083
3476506487
3706660859
974857619
2340696615
3050982439
2005177096
1499061946
861622365
1934312021
2067535221
3419143740
898147194
488211113
2228893167
2391879516
3290801857
1867147615
1850905999
2693665854
590692986
3828530983
3373719372
1293258835
485389404
2664837294
1085818159
1269671169
515025511
875797656
3015136840
1991320599
340675790
1730913925
1822089336
573242994
3245641856
1072930674
3483555580
987665410
3817514381
1347460112
965018329
2719197430
917335408
4217847505
2334065007
224938550
2181008385
2139952126
1671765479
3274317963
1616601558
2153077542
1291868542
2212034377
990028785
2162834863
749239808
1315281204
1429181749
1453701329
3594709454
3826704915
851925273
3848710283
1049478832
1294677565
1451031211
3960879583
1318339945
18467029
946728532
826457191
3204681472
312403537
79728155
3045029850
721901848
3299022922
1391163519
2171885357
2041556549
9324214
3276059098
4203001797
3824688795
3846889294
1791706111
1411446277
384703957
2144221343
2741836497
114320266
1585839514
3354357025
1663064196
1848475420
4162674843
3586881820
3892062568
955389952
95853273
190309455
202476448
2446800722
2425673036
1301764626
2088527480
3872446977
1333796329
3416155415
3769391017
561058341
1703134303
3154997691
1433996390
3930797468
333877216
2168927053
2197470106
1690024606
1860574762
155328475
496110183
3339076872
4216265147
393659751
881988554
2877718367
3923247177
3556491393
3600620532
3382149541
230986740
1760680201
701156545
2047363560
362511922
838688924
540762891
3340665318
4083877015
3972792331
4117208013
3319341186
3639286950
3566182969
970643965
1045191023
425564223
3776941906
239936040
3943076524
322096805
372191510
4055673616
4279088799
1913666672
3328102751
2463290309
3723027856
3926532765
1701012369
725197881
3899651878
3354177539
1819534933
126914345
3636536947
2112370420
501737103
3354965140
4230076417
588442033
3132760771
581274610
3903570431
2182700821
2525943528
3324897505
487545433
1053044251
3689242776
2302490371
3564461389
2219087555
3305327661
1012004782
1445128572
1788933050
3995513841
860451965
2770176350
2466130917
2815861924
453098917
3121902623
2791720148
2976024298
3595137173
4079893432
3212645140
3203149563
1566129954
756354556
435404425
2859965080
2108847946
1480520199
1236563512
689022369
2836718867
2204460744
3627176918
3679683762
3547839312
2812838558
1217934595
2302030335
2922854683
1805373361
1607546471
1520482249
3345976645
3995202278
3755344344
3796683758
488110262
2720563062
354147125
2715077995
927964087
1125788875
3605708490
2806281267
293739154
148769978
3765185502
3354194933
1809684668
3246714873
3540506948
768010035
3577678787
3165212128
934668842
3572303122
4255160725
1021023580
2155249380
3136421649
660614808
1960101857
1765453653
2798794397
3762107709
2513205360
1116526385
3577346948
2741557920
3215741310
2247294047
2505530627
2685881720
2125815076
1999061548
1932738109
2321947815
2007618462
4137458451
3660051564
2984681753
3715353755
956244875
1296798796
3347283469
2685652908
3844229311
713697797
2526872032
3800190128
3382132346
3847570326
3922920869
2778448854
1640810982
3875456606
4170592708
3950738675
407801505
4207118316
3455458451
3270184833
3228876684
2804391310
3327692645
557634399
3518673012
1899628142
252447797
1607959920
1078168396
342386937
933219330
232950445
3394738742
456757630
199162709
1110577391
97644536
1039175183
2854124279
3444941495
1500297462
3270191
2725712629
1159450305
2763908256
487915060
3633698045
591592184
4289026614
3365255335
2410515335
3849578953
2434414700
351125383
3233599273
1919005477
3299022279
1701805962
3645973093
1587700107
1089605762
1588096915
941548030
1611345454
3155391977
2271849342
4072701405
1376767840
3616590001
509047218
4232608194
2641907514
125299669
3148606643
25172493
1526126285
2244603290
3072640327
3725222561
3651107406
3959588229
721223772
3559809479
449262668
1972864779
732042160
1397804058
279349011
3369361681
3661237802
3827267957
1829388621
2170390620
982785687
2442323124
1837384950
1178876187
3984592040
1857695458
1202262385
3580327410
1090268126
1970711229
2752122637
1485857528
3441843071
3481187131
975317335
2652253363
730615571
4020353700
3328150814
3363212000
1014646997
3648691909
3740076308
2251909267
3460365766
4008899194
2801839780
3898248718
2331593379
3590460885
61279913
2889461136
2834811893
1621173521
3295134992
2759767346
700532638
660760551
407435048
3541269438
821580812
1967189808
2088613635
2569796589
747843590
417954991
3639371057
3708259732
3122029070
3164913029
1234504175
4256901851
2229326795
1302752359
2238923314
1268507048
3262231967
1820839998
1183528126
595620528
2535124795
2504041189
2727612171
1306175633
30939733
1355143324
2433975191
3443750855
3569550682
963375790
2700883729
