3062015857
2951888551
3975412788
4258497614
639262339
3565880486
938232713
1832627239
257380216
834648228
331359697
4164666348
2290514479
3216277518
3642731860
3121765070
3627527947
2534270432
1569716024
3464263436
1395080962
740526401
4235951940
3789907757
3978089485
2218047395
1255868067
1809909540
733083238
3134891992
706464200
931064697
2821091409
2745174951
4165198701
32386618
1091078638
1452892020
3549157423
3108233576
1757345855
1083260803
2337073747
3604392784
1948908366
591643438
1071905053
1489983197
4035007799
2665274532
2890112512
805161441
1324741281
3834967249
1003737878
2006403598
1141795269
2951161502
766288772
2186514986
4072926721
1869789568
806752641
3069139666
3943937288
736985585
3786305304
2783076094
696309216
1420116926
1720534839
51626050
409732143
2245829435
650295078
1961863573
3128190491
3763647808
2842511870
168014647
4039691685
3338615419
398008003
3092118163
3840719516
73362211
3461646462
3023543731
3082424339
1119441711
1934389089
715535889
1625842755
3764812819
3546642369
3459270895
580166745
1977890198
2575764381
1717988103
3420261892
699062858
781698139
361047541
2520805480
2448078222
741986883
3628504603
1513855097
262221955
530173755
3920182404
151169176
3726726288
1658255337
962246268
2637510518
1084668411
1688982743
3625337391
438758086
683107929
1274587271
2212796819
168349432
1764697459
1033991635
1886951326
870825403
1313295859
1490468847
1783109434
2101546701
2412687488
1645023631
3350111153
1758052861
1312782662
2213204077
3842281310
3909210121
3004410025
115056362
3587860809
2257822512
2890830602
3151130557
848503119
2179442770
3914831524
1809872837
3322170473
3198172685
2505676061
1488370400
1924489141
4046582164
794940597
2870523790
13370938
2171322847
3546018711
134341987
2703128981
2880519907
30278261
4053308437
2152920728
246588120
131627564
455225890
4054699697
1191353100
2550216349
1686894452
1456091782
63284139
1101239827
1599871939
1487319025
641852157
1507307954
1406496258
1019179016
2239574967
1114866802
1833335948
4162982151
4200017094
3862136577
1286496616
2431058953
2091228026
916270975
4246887942
1790602135
3738932755
791520255
4044604566
3114879638
2407767947
1914877938
3208664604
99751805
2762934931
4199826893
794184667
596001133
2665022392
1801830671
3150798093
502420059
2694457703
1398918204
908677295
2611701905
564087405
3531820676
3508663949
301207509
2446466450
2657525986
86146623
374526701
3454388650
4006005634
3244596089
326753788
806320767
928927295
765722387
444035155
2077239245
2585703289
3259440481
479108884
585329890
2694734077
4240384285
185411379
1384712198
45599106
2339994721
978636155
3699665990
1889279168
2475216130
3476146902
990203267
3290038265
2268259146
2955022855
3191074294
2988755504
1194930081
996861479
2456325104
3788473627
1022449677
3924725077
818028439
354945007
2942848421
2102093739
645915124
2455803476
2514523681
1673151443
1405546579
878051349
2127535583
603150277
1752283968
3156938060
1843302957
1291244000
1335478821
2910287915
204806994
1153340253
1283096279
2008252391
297659328
879888866
3699383269
543577979
3147892191
4165968402
2377213588
2366993029
1274914759
530723045
1852390266
1775083737
1728784498
1118324592
42608691
3053524309
30678784
3300891994
3582729424
2496711867
632989976
1672199124
2398553660
2821100964
685192525
27311154
3539473153
3281203949
471253322
1136888309
1834689003
632221272
4107788074
3915484883
3486241614
32209535
3123775629
4282140349
2324722760
121634500
3825685591
3745239345
111793247
3093783438
3603413285
495072084
654002848
3124937623
2755265391
1856354756
3929535562
2204728501
856609674
3330474389
1888463725
967539228
2347957352
1535990967
4083373050
3130503668
3649823648
436837055
43232272
2502124696
3484618816
450073917
1727275495
3151929571
2543589186
3154109176
3015238696
1217119606
881242596
3052558233
522193721
3601049434
3948837310
2841434826
1924528840
1887378430
4078099902
3154932844
1656506540
2661159544
3338059280
933390282
272127623
1207944595
1458748565
761501829
2417090620
785445079
696983282
16384216
1556428200
3027851920
2051650981
3545974971
4089628221
3416474719
3325447339
4224074810
1533193946
3649362246
388708880
2101954212
3860881706
2863649064
1104532685
2462917643
4291279501
441828870
4030709452
4213283551
3342451362
315776916
2101252996
1183236163
1330843524
4207968885
3109335162
3290897719
3619434519
1717690824
289493092
1391752578
1422864288
2522189981
2894230910
2811578728
3652290740
4232634375
3913708611
3725521700
220467505
1867292848
2416017085
1158065046
2666550828
310778614
3939430746
2823867944
2200390306
605342971
217429502
4077859771
3128130023
2092014400
3035506988
1220126953
3375526235
1681066039
2743648013
960619033
2774193048
438054284
1779542298
3110737635
2373413944
2130433088
2315852121
2372916424
2301299027
3894589235
1716879985
358803196
2115307106
100403406
408214844
4254106725
1318457227
1669476152
3938630986
270523423
2551542769
4211232836
2421919969
2864707970
3833461733
992983749
1117315902
2166260833
1673730472
506799027
4062235858
2632308975
3640478067
1269899994
2460020943
462652659
179830741
1558809363
3706742550
3528142079
1296463285
4259454445
1973664386
1552712859
1341116436
139220642
3516049966
506601701
536548274
3424699380
1603998395
2218911741
2944233442
1386543842
1927503838
973797650
3225025350
360306990
3856518656
3751928270
2425507906
2312494319
2068618411
4092104743
3698072305
3111172200
1639974294
1328304335
1670355189
2193581853
2781017683
2585104695
778027246
504304175
1964707146
2197464435
482436473
1034286222
3854227348
1447628336
2255063831
1449992914
3033817833
698518285
1621228268
2692151122
2903346076
2478748099
4116222720
2421532
1453374431
2058624370
3663601183
706980081
3096005263
2865016323
3751731617
1995624180
3399972130
2758263619
3724420548
831751559
1699473366
798247630
2138500264
4271113977
3072860764
3743188557
3044357447
1751533961
2343574882
2342466796
3444756429
30381720
2424376790
2521381931
2286722413
1741103933
4156071757
1853415877
978281541
238177254
2929434721
2288666730
3985273849
3713352291
3594126607
1173251586
2900504629
3061337511
1179826785
852283182
3456241146
2015121060
3370024512
3856254123
1960151981
1906927325
4080002276
4192142493
819572571
2741728642
1991327375
2105422303
3555984349
578734426
2448124656
1779925482
3749384991
504176627
60227658
2421686565
2682374779
1936841900
1416323870
958356570
2149242640
2247096300
425395909
1240521348
112068948
924432470
41710527
225534714
82345933
1764397797
1437844638
2300728270
2821045763
3814715345
3390951651
1882231939
918060979
277766548
1261270666
1517603572
2792310593
2658091074
3128972625
3043984836
4281582287
1780895290
3754600074
3899638759
309745198
3469522071
1402040248
2997633515
1756801219
142365844
3745261955
461435941
2777580103
3440200740
4122358368
1287608381
1353570241
2699419531
2038624801
3743349122
100240181
2809732666
326996165
2378788503
2740981210
4189620823
4138851310
1950604296
4154042057
2874935881
1756550947
2021879560
3106853529
214280135
3214827769
61759001
3318636495
3368067668
1304677937
3032183379
2229181003
2775441792
853559534
1146042128
4144082566
2565927470
1343971316
1197310662
396497348
3872250409
3969009997
315410832
4096721295
2546178944
1926157049
3131404433
2187068298
1199903004
1366989359
1171266864
2293366635
1556372581
1046114273
124301426
1035591905
891143763
925628344
1917237654
200363692
1723803774
4121271654
2267460130
2100922611
3369997024
1522590593
2427255801
4121452048
858654085
2152027402
1986269048
115729181
3930445214
1311867205
3174750057
489100482
140134589
1760873339
3269567862
1068291185
24541920
191472469
3747645012
988172705
3935514824
499427117
2903061533
4207995608
385399485
877418282
1803569086
226588325
1240278767
1260830359
41291085
3089520866
343805599
1612516713
4156160913
3518775668
1808751133
2434527547
144716293
3539090389
613610289
610871083
285518541
267670659
703246353
2197640005
975767279
1147771189
2662289618
3792731016
1094756920
3572991835
2810339317
1676521643
1794109623
198312875
1062177144
41756488
1947923522
2026274923
2981967310
4154144716
3174895837
4226897550
4114562526
1109026588
3519409248
3849491140
1382245233
4289122967
2607820237
1207015305
3574672425
3793418243
507647822
3386169979
32110070
3585237501
2822515291
2208088288
1805216032
2434008510
635068559
1354578218
77094438
3838814344
705342599
2362710538
4248757696
291001699
1702046649
8748251
1289167316
3042132450
1887602165
666536075
2748426270
1284918679
565776293
167272419
1115939521
3852494892
4229305278
4065877326
3352156022
3645248775
1731847796
622738031
2821112710
2056343053
961032965
3661176497
3288795782
2410470797
2545125347
247274692
161251478
2823784049
1219546129
2003457416
2259822533
2333489888
3305735269
1160677959
413282036
4075587850
443737452
2637661795
3531719518
3081024331
410367501
2017225655
1544868690
161545677
3576925921
957378134
2945200987
353350312
2281874341
1388043870
124868134
2600836988
900426281
1159900574
45997846
2461480089
4037148651
616820965
19975370
228168542
3250313287
3974088414
2491783004
3954084107
1802599884
3721603752
2823334795
436942839
3796424749
3505231339
675830947
1482261741
1883636079
3172766234
3299308309
1920796823
3198133536
223053725
3401265505
1048552042
2355259667
3914162131
341102472
957653530
128000657
1569816168
970239878
681773844
1911837044
2156871609
2289937573
2160810097
2472853491
2546035326
3947892761
3275477680
2497466054
3180628164
3171929794
3726784905
3145331968
1055869548
603362845
3617365607
3462124975
690197720
749705604
745652011
1762561729
2718476266
1749167760
2677486424
1182661478
3677993518
1677561360
2512586479
1456279648
1827416576
3693577238
3087997636
832658063
1155942679
895029589
4177848172
3636717208
637937296
3093211322
3295813086
2130336122
2406838672
162219859
1231284627
3194217691
2648985927
3999002241
3808128964
1870045413
3592550224
4055623061
740909361
31942646
1310981690
225476552
1403432716
1319823823
1643315398
1016317523
3479767967
759762642
2667207675
1697609241
4134432271
1314777304
2610216475
2259476016
2955984933
2930947039
3790395611
604451232
2220443545
971769932
2757710846
2318805294
2909411911
712189846
2662980118
445797771
1413525210
1927417079
1558338665
4202794014
2873563775
1225986331
1295840483
2814335827
3598105113
663145187
629171278
138389898
1557952173
2470333065
394768510
3498579962
2626741985
2312920615
1091525195
3800793704
3391072875
3574099330
3484449310
3733493383
1197082059
4220494202
4223415274
3320376394
3562655546
1516356933
1004785665
2107231984
3434772147
3487999781
2068012580
8198791
3331901745
678320942
2188820427
3832632460
318164092
2757497280
3940834482
1329048939
3922236646
2446393548
2295586088
2644653811
3036369645
175450750
1215103363
3825180685
3896473010
3618629686
