1995924962
3542511655
3111209078
2676476265
3018956220
2291003007
2634059550
276964495
3597549126
628630581
506203530
1815956164
1775281846
3721223829
3051845338
1019179972
2318716487
1819857049
3138567724
1983791271
2071267826
2469379639
4190430243
3444991715
818594534
2052121357
2686415541
2272741297
2678808145
2017560641
1618481221
744533725
249123328
3081849292
1335383944
3897021116
1343958324
2181778090
2157027237
3754534135
2175867612
4289969801
2218364344
72628383
3954491068
4026732845
3606708222
3385795805
2277956759
3604366621
3502812871
1729471919
2812650399
1763640564
3115959988
2895103587
3694265346
183714107
945166961
2551232605
1819321808
1637461781
3676274728
1212686597
3246145809
1654059646
670363218
4259355373
957676499
1807209572
3059254233
1650321864
871647546
3770277427
3028656652
406876078
2734754804
3448148907
3784078866
2257467157
1308250947
4124320202
1279688380
4054209012
1216432952
1562968747
3539459765
218902149
2470811531
388500849
3326271602
3553707988
2656891489
34250569
1838244024
1900957467
2902661869
92628354
2409320984
1591492212
4215835997
3062390188
445506930
1650276867
1723476269
1349289122
3756801822
1509273657
296624064
2560142219
819471007
2784019354
234387003
1692263204
3482902648
2707865555
2768271165
3608664846
2729946005
2942381719
3703763470
3538754223
1184926739
3011131330
1170451811
1033207764
3751373443
2884046599
184453764
2925694259
123128049
391675253
103608526
2660951636
2287003900
1017866555
1611144797
464681020
3255803558
179539755
294421120
3125055406
1570378934
4271357232
788958376
753766337
1068091435
3543778525
2682269836
2815324916
1535639996
743055363
1627713766
470917674
583677440
3846866085
236041994
653100338
1597656311
3257946885
3259134605
241239044
4073979380
550130434
1072622775
2910309611
3384431966
3777711638
2513471010
662966696
328805744
4040293131
967796403
2052386287
449232251
1616822831
3144989282
2871354302
3976635127
307467579
2121035105
2345051297
3037186568
3298519371
2683957202
3799786675
3148123910
1657740964
2724207369
2167151273
1298024757
191744553
4148090013
2550213419
300328633
1661820929
782882663
2632095205
93588362
407123704
1307856661
1187458782
3230356816
3993045056
774149956
625306978
2512669654
2339255465
4070406356
3984397559
3013194694
969349110
3155097386
1067142591
2478592905
543330959
878328150
493411630
3748583240
3044893931
635505531
2504216252
1845669430
1128925524
1316062436
2739554770
2759844266
1360739439
3830326180
661439641
1074321318
91972056
1095432824
3736820282
175396932
2934933434
2634415734
2075053427
3793711635
2281673629
3289195067
1761882590
147803745
3244344032
4272513470
2168968913
136620287
979094050
552263181
507719832
1917950640
1643183187
2972634798
2006737075
2328220598
651326991
1785193158
1372738297
1780652255
504753187
3517603979
718439574
844058486
2946348646
863904526
351045793
988127741
1435669648
3876746512
2679380168
2299512158
1159957516
2699091453
3501926930
182398254
2738419
532756840
627607262
2212027623
2429184101
1695708742
1351538379
3232337888
3689618954
3177857535
1609478645
3017471677
1286154075
1611406394
2465108511
1426529129
2066115548
2112597682
260095788
348344542
2781698546
3499151339
3839140093
1772891032
1999954711
2174263612
575805315
1961541010
1212509182
1113715971
3841246979
4270307369
969998824
611167966
2809325221
2405520822
523185405
2897134853
4123377474
127276244
1687305234
1092476634
2719650969
3786430333
2159007890
201919692
2676218500
2125870413
3152470274
2668940993
3746650439
2067901467
2527036474
2768638454
2149887786
2919062666
3421497404
3957725768
1028574719
2061152103
3388819324
1129056597
2394932390
3008154067
1688281576
1394357606
1671653502
3677964840
3187298774
266185974
4062513975
993759318
1864363278
3312643697
2402076623
3983583365
4100907541
765892195
305902358
4017186426
3027677957
550659022
4191758075
2109941624
1017730606
3690937880
3149406406
1270308310
2712958928
3330436759
3779701983
1318514806
2207743866
3816366470
779732578
3221498424
3978435513
1694039795
536006496
2244174223
3618397110
3347844795
2368929622
2312278394
2756324356
3633397953
3786016805
3044144690
4249456329
1586092193
3592718223
2625493061
3386381343
2687084530
237117113
4082503715
455047626
1894660345
1238967073
3659237919
3227503059
366156097
2845525436
3837263978
1913877552
2386179386
3678355444
2767557396
3295941567
2256127870
1818058389
914110226
2740700413
2739219199
3309565874
3439896424
3848059098
985661145
1777545483
4120414882
2103156804
590854477
1473256194
3267254810
912179812
743741645
1457621515
2478564027
309484781
1679151962
295792837
3363843129
1844067834
1626895056
3135960481
1871337038
2368936207
742608582
4142804331
1529466250
831464454
1962827425
1517160372
3380712952
2632180871
3994936190
473121447
4170484244
1393680671
2306139718
2721693592
747920093
1580895866
4048353664
2716146046
1536285563
2133846916
3384442827
1311293866
2510880292
3354089810
887662962
421120945
764447558
2750607994
1241798692
3776424996
2264394701
172013386
2308365022
191579320
477289862
3213226631
997679053
3244058314
4247060744
4253146826
222773542
1226670455
3746603054
2717234436
4260555630
3010469633
2728169065
1499942881
2751316524
1823584752
192678487
3437446860
594022129
1953614570
3904447484
1411282559
3236608503
1834373565
1263920045
321339293
1850235671
3229333954
1597500931
4228657272
979542617
2870942957
1490128172
1207110486
4121090906
2012236798
2943951769
3930228124
3839509604
646241199
64868279
4282722018
682634990
2161308504
160046212
156076201
3007734821
2275246916
3377860478
528527202
1207017684
243809537
741026613
1626889715
59179600
2590180726
2742729232
1931526540
155186308
38724915
66429607
1132607383
2875879631
1259318454
1841253562
18979694
2076445512
2936255966
4005247298
3153366251
1733739071
1564396375
249120477
3864809052
2640890743
80431092
3935030318
4073123977
3056540322
4195709951
3644686474
1286764444
1249845564
1699099664
3678985138
3353447949
841676477
4082202787
1424729761
667763070
1941575535
464131908
1897252677
4133319899
1073819576
3677730083
3752697483
3823492629
1556943558
740301836
3683709020
1996046513
2198255366
3912098645
4255799094
1591041680
1440982643
77007429
1579470314
883174118
2398024026
1215741496
1771032032
2520988377
3524536565
3059666288
2448403336
4149059879
776303347
2205224254
4161083125
27846808
2345090661
3984499808
128297913
3901262032
3419174713
3762667564
1347284364
1384084786
670302366
1528168141
2101983691
74408595
4019431213
4122941526
3222254220
4254801347
1514498194
498938905
3707205958
1210824073
3989557828
1742743845
978563239
3299452420
4248999984
1725771090
2912326089
2321436126
1062218156
1993549662
1428497922
3443966192
3191964124
1093835457
1597820276
349694365
3580072079
1228293622
2962252658
590470317
204107551
2029801627
2936435820
1358123401
1653600744
182798737
3643815738
624165617
136607940
1621872666
1337668750
209118075
3542386071
828297180
4228008526
473025931
2509723179
2501065154
3075152439
1438619153
1220628559
1004053579
3312168835
2749984270
1261816410
3181420485
1700099529
3060414431
3802422647
1213970354
3943756900
1176361962
1367100954
3478334181
3958645666
2676676642
1431418565
313378593
3816813221
3091257904
3285712339
2984116037
3365819327
1608510379
4159800638
764605493
295295583
1888995830
3162564962
2486423348
1467089438
4043897158
707363990
1305637035
2066036808
1504091550
3367373332
929387310
1025206382
1388743877
3901997098
2186265665
574422370
260871914
929206274
3376329939
3946822433
2536060044
2258986576
1736515463
3393874527
1731785279
1452998272
538295941
1869609351
2612356264
3543111736
624528812
2232220330
1366247238
2306648869
2669191177
3894506789
372472455
1427595510
2553705010
2557687882
272300311
2887773691
1706295371
1377779765
4180548121
2009711311
3180373479
2360229713
600007827
2775925851
2990175780
1664058171
4200462719
3946136326
702674732
4153141614
3731614621
3223017521
3367541343
2777801574
2790300824
230361433
4271111473
2810587339
829442308
843739308
4154859235
3140943646
4269057012
726190289
2014105336
3684990001
3496784416
2201663412
1816655634
3323606592
2593960713
2471443351
4085371049
4211480579
952820736
3977253509
123232645
1718632977
2826499080
1774993908
3752104109
4220770517
2444110513
3422304621
3605421989
3209483436
2666630720
1208148572
2640603000
551983133
2404219919
962396489
3086603155
1022713750
2013091509
2019073056
273256462
1799382122
2658133516
929348667
3163686154
2052348275
3727849486
3075334775
1801713974
2632143252
753202556
4214138745
3623060409
1461387035
399177607
1853640794
1788554817
3845272808
3594765023
1830211507
687754659
3355573702
9536858
929133991
593932525
1511399504
1569817758
3444322815
621640838
3642933448
2789968629
901607071
2511771560
2939499817
999435713
3144443988
4206403463
3226038083
1502497779
2398884587
2559566811
4200760705
4035767784
3406476656
691769314
1077646241
2075851334
3132567519
3067146073
3427320388
1409622212
4087792010
1499798625
2814469045
4249308078
2455942999
1435408243
1802906787
1923178898
2364724667
519966137
912327101
3699636310
3533986770
1645793437
2036522904
1890063568
880252137
464528412
4182170405
1718561972
4240720968
4259492782
3648252613
558367440
55597433
126932358
3106109910
354650522
3859778002
4052585288
1550961786
3660148261
173739955
503715525
1191562730
698786934
1479231138
790414717
1104472612
1318095340
2852774266
1392224073
3829406784
516266788
428405620
4213727335
331056469
20156285
1801385331
199835371
2864535249
210348706
40058828
3603639585
3733309014
2947128145
79516464
1975226365
2361497151
2126712508
4253329398
1177565739
1876568241
1934599991
1921620099
1923273135
980654436
1656259755
932604445
2690865559
2708102111
2821198903
4286221664
1947048811
728990651
1000147225
3446860934
2360277527
778719169
2514083080
1634323636
1192458667
753384120
2913614688
2987363939
1002061762
4094328195
3438431134
901309086
344849163
3597996381
4287620402
1713188966
3257114030
2203494853
2611641522
1404470060
4189788773
3288929502
885413239
863076899
1703515289
3024715156
3834494281
934424507
988521913
2244538487
3809341204
2198293507
979644736
901874598
3005050620
3332297277
2281109105
2116527949
3540387690
1854053759
2558598857
3495169989
1681679731
4208744058
1920393235
1626223113
1934060190
1552439060
2603972609
2996633979
1157590114
2266784699
1712048078
3232964183
3427553931
2243895589
1391299816
2372884304
2536109778
2542774091
263727608
1516420059
2921494455
4199029885
3242185566
1372967028
2428475065
796423725
369432723
401826072
31179504
1228552306
3367735912
3828297075
833158099
4102233082
1753092228
3887494099
273473941
62845674
1637375867
613827136
1998107087
1158499007
1728138962
2512264799
2563733957
2299241982
1261928356
1018565989
1027835752
4168783455
4237640679
3386424307
175120544
