4056237720
2077960307
3296568377
1873622212
4019182494
2340302304
2525190817
1194822922
1682202209
512310533
471446449
1738495558
665701709
1585474479
759294197
465001370
3897040120
2436516723
3537677433
2904970704
2484119006
2513409259
2366254850
3584779671
2585983611
1758650733
2870229330
2884863725
3202819130
376006730
1466337978
1073790434
2686849468
539342388
1250743781
3593708125
3983687489
4191357836
2365209725
2781528359
1076209104
1734618239
3214679114
3200059968
3780489978
3058824863
2563246366
2761635979
2999783566
189252832
2292980909
1812897553
1114700807
3824577823
3840334997
3522692815
4111484351
1230812908
799702188
1741052627
1058144061
507361158
2976473056
3359066090
965273199
2380762477
4110973512
2992761448
1790513726
1461730913
1298855159
1836563629
3332926044
3079830029
3802622692
4035333689
292495801
1582766517
291309477
2224427345
2436781039
858806158
32564910
3112185788
847888743
1577165461
540393532
2658371717
50903476
2482521803
4278976571
2657134718
3867841769
921318050
1735857501
1044513235
2977137423
3813831494
174481083
4154102275
512671022
3964153563
3690231890
3409729421
2021079563
2046076816
1306325875
2783817706
302783394
3195695326
4233680174
961653840
2544823709
162560755
3677169924
3216987714
4220560345
311783852
682971260
3588797697
2857787397
2894632686
1962160452
2839924074
234366686
761244591
3715027194
3913546498
1381888627
1852795706
3791994238
4042336971
1621894143
2124776278
388735505
241157893
559716122
3293468261
3739014564
3378939280
591767098
1742148251
889338745
1070164911
1160568017
140829386
327217748
3028607633
839649722
3562607815
787512135
311032555
2537884705
4008173409
3027585380
3059826376
2796991636
1957010502
579519952
1009770952
3267803555
2879961114
702508975
1098341114
4011962926
4125609244
2228038910
185431735
514019098
2672206842
738265766
2817281420
3857092322
3009432351
4202509790
3290278941
1113108114
2798809015
2411445893
4110890160
1639355000
3435182852
2947189844
976100292
3549039247
3383746466
2032883567
1796304652
2565423860
2789527375
3389727673
1643562087
2520081306
1921116569
3119457856
4190507699
1235058715
3394045524
980537847
162073552
850454681
3688379976
2134524096
3546886513
1571426706
3969095070
1512262478
1511575435
1054359967
3952928682
2589597662
3986150094
3993844745
2013995311
2583111736
3807567424
2657802621
1843814463
2648426799
2067083600
2129962047
2752844230
3281488080
1665114966
2112894844
418305171
2380685325
2098986814
1568405056
1439634617
1549110709
1367880644
2850267068
2560238710
1585825276
561834689
951455411
3579990627
2061615988
325264467
2328267591
778474640
1651095466
3339149668
1314220753
2196263318
2474666651
1153170354
1115253972
2476261253
157543313
4130325177
3244578085
869976165
807271630
2131434124
2533884033
1947536045
2102968749
3368497275
4156597503
2293866320
3509296601
4035804849
3023393436
3535628367
2300724533
4044634903
3098207660
1744692163
2872585761
1903653567
2067495119
2423310622
2738551639
1985792671
249888280
3050399723
3164939485
535793794
1376479709
3643416293
3290988638
1346790319
441088886
4055280996
2807943753
3213583523
2968701100
3573594047
3172073156
3689860000
1371772749
1181679064
2741213042
3761916212
2324638458
2514222930
2886238986
827996926
3065904764
658317925
3981031549
2458443422
2721061971
2533342542
1268773189
55998558
1206259824
954335748
1828025589
2401045952
4194715858
1352547036
1870386942
2703727020
273949701
239928207
1772758705
2197688815
1488576590
4071772374
2914081986
1124246806
3819812358
4173777584
327914872
1169168554
2450130168
2151209970
4087094385
1918012280
1150207526
352536675
4260223716
2426293820
1919266960
1250789323
3035088081
3284508431
1957471421
3881164960
863530240
3856023532
1734242777
2244323339
677305673
2366051058
2222313118
2305038829
1097737441
1002079512
137339412
1908856930
4086525415
1540857072
2708525652
3699111657
4134957306
894219534
3729374200
3488555779
1516604996
2650933714
943517582
476237928
2341574847
2822945660
444979626
2544494386
3266420789
542643886
1932868328
1499614044
288467032
2741891813
3139097565
3443617485
4086263457
3576918028
3714522933
4004884181
915099426
2995466805
1299378739
1973939849
2259148018
3658346414
2566624786
2903360206
3218408676
4135117632
2818727752
2660170013
1946304683
3203459744
3610498354
523091192
3203398785
1853914110
1578036001
3996899348
840647560
388479261
3767094015
4077849748
1093484186
960475461
771337998
454296386
4110274940
2493297845
1128833968
2968489423
1805640164
1673948309
1690823775
2965659609
1557342854
167591591
1796784083
3770602978
2052297859
280882338
135707894
780825970
1688512864
3230852388
452152543
511326219
1981145718
2167647291
1646426689
2149831284
3083388674
1244840534
1568237098
1178583156
2014507756
4020459691
309929200
3925921763
2355500477
2497955957
1347342051
3150950250
2323367707
2709722295
2712089245
3110247815
2962429230
2497788565
3318459084
2732335653
4119510089
3799671880
1888834833
2631145802
3763830836
443550620
2071152061
1801021375
2994350440
498928291
567258679
1429054035
3448893152
4194258438
399459641
309021485
450102250
3481852286
1078531725
831029217
4043070395
183224766
140130896
2903746264
3771829692
4255827183
64600308
2888003703
2274614593
2068572380
3428652404
2961695661
3535724372
601826366
742946258
2092347851
4219409676
571319683
1091327357
3218179372
1643909206
2636289037
1003038812
3331735709
3728284735
1248780000
2816495897
363321592
967662372
3422280256
2797846841
41240363
4171120131
3566629932
1483529605
3093270795
94655156
1906326765
2978568595
3453349134
2130097076
3096222068
1608751109
2961629428
4287791544
1528765226
3074090487
2601154197
1859072857
2620307051
379424858
910606385
642938161
1987594283
2430592309
3814134313
592733856
1602624864
425737685
3314075064
2060111815
1165358494
2198816733
359569095
829732508
1397476527
1897464256
1963197264
1486963975
1882340839
3327525408
3293717513
2595997792
2504036059
401489494
3568721604
4071948051
3347291832
1053578962
920639481
1211280585
2832974236
3454866664
2171881808
60285599
122409693
3743008501
522565590
2453357593
2914726373
3145298150
970633428
2546000308
4113739183
2959384684
2840557912
2330924842
1766196943
2590634496
555590292
1017278035
1550772743
2766608528
3109180970
2172294081
3008991808
2737540040
2551103169
3036781674
1461680812
2971563945
2189845468
2437239010
1350083726
3653343674
3022206177
2236664446
536332881
823048431
611735334
1020194191
3465599792
1797294251
1016030097
3478672911
1990413475
4191372344
3151339218
167018613
2797075848
2044522603
502109155
1571103051
3356199981
2285923754
995657040
1436583305
3877725985
3009510051
446677913
3212758799
3044840512
3647238394
3088610215
2079709873
3570452192
1301855270
429290536
896592769
672870305
4027188118
3211521770
2490317201
418981855
3160007198
2203459699
2891192383
3308133718
3592363156
2218609682
2589737837
1410114773
3529176926
446648774
3831159605
1488499147
2663327723
839721866
1509506612
3117392971
3852124136
4271586747
3165533325
1036688338
3098377674
4120051264
3775907533
588984038
2654895397
1657030888
2432605572
713668675
2914715363
1636239952
2573470966
128111083
4000086948
1107406376
2404789386
305034441
1246783698
2919982487
2508553643
2083526355
2745400678
1307883329
3095634735
1344442076
1054394912
3557286958
952384911
1371915413
3283425278
1209404475
3149149843
2444184608
2101704341
2707444894
3582717319
2941283034
3814981695
253354062
1360462086
2546248253
1390568700
3519058818
3047618842
976488280
3778288855
930577792
3223661955
3610941033
990471890
3988163163
2739105925
1730507692
3812784004
468093693
2643508097
3606773969
1791889281
3438361054
2459634523
2381465283
1617088150
263347086
3702817807
3399286965
1006185456
3462640339
3204994863
139482873
1398898814
245385449
4027583959
3304600898
2287114538
3045140145
3149827418
682291792
2868505888
2095675214
303257486
1689768991
1488657317
1111191042
3499886111
1537607728
3467176288
2736035042
9521382
406722592
3161768477
2732159174
352264806
3871399391
1376988962
3373920249
1747977418
2106024798
2893127336
1799290426
734358662
1290279468
3122266810
3018509340
2806914088
4256098285
188334020
2766476580
3463665284
819142261
816801947
1781575397
2187989875
3230039377
3936813607
1453264278
1386173952
3015593935
850775916
3763950272
2317864896
136393679
3846199427
609860299
1931131435
2946943108
2692220991
2391320704
3900984524
1117942786
2288283763
3408427910
1329851626
1762133285
1547612051
2958943701
2416916326
2862239479
2346661365
3243625445
2097392081
252195949
959939919
4200477056
2980829527
2594889463
4026505197
3175421164
3838573312
4007488629
690902620
2672906862
377869536
791273324
2353984718
137668869
1067234927
2205243943
2928159133
3703592000
525325284
1129778909
4078111995
3272118813
4162850232
3413729043
4092765342
1262998254
2454914563
2700146186
2014104402
3451488193
1434121537
1904788904
1317263350
3151803592
2247225130
3129644832
3853681143
67853585
2592084581
2169716323
897222828
3918031355
1918373792
103479478
2126418216
1071852485
166688648
81691879
1543755270
4272138631
4193420686
2166437071
1353213299
3703784816
969865094
16172857
3659590929
936867024
4042135222
1965112042
502671700
3276038778
2926295583
4230932459
983656386
3715936558
544457922
1168031319
3637967069
4268112987
71652621
1920003487
2544137662
996450263
3143325848
3645777724
2828834024
2050012392
4179481982
905224263
2659059609
2402030399
2754954970
2435716365
578553226
4218390892
1107527149
1702472434
1423941313
1207584002
3826931535
1888478966
108886814
2328042929
3353110635
284462435
2857178159
299301163
277623826
1472847285
3818273482
3173154061
2734108108
2929672971
2570981108
1156903428
2352477342
640005196
2233728858
2748351998
3733755241
3356752985
1149793589
267449442
1055598428
437371356
1734363625
2784396839
3547974526
2832838869
1185458484
575544979
3525166589
1055409452
4294319946
3220662757
196604032
1096204339
3008200699
2330994146
1204320836
1486560900
1379657473
4121026028
228288162
1219352229
3176725689
4215158302
2185295072
122415950
1046535615
2670904788
915203088
3956839415
3446139812
847054349
3307275571
1432742384
3811059325
454640718
1099115846
2706642227
1572797834
3287313709
81849063
775733529
1978202326
884193359
888490962
745007029
3266629725
1330961474
1329738668
801198551
3129857642
139616010
903144627
2165887570
4043907227
1985964246
4093201396
2322821207
1799728907
170961785
4105117206
4208419232
3398316273
2660417945
311548905
342953215
2284861192
1426029664
3575061241
4283177597
4235398140
1016359482
2344429747
4223705894
455510644
2271577920
3325955142
4050598973
3422191209
47485490
2193741083
3024079978
4226284755
2345550669
929010014
1811042148
1640305419
3072739833
3174271061
1259374441
609015927
1460575510
288356160
389518531
1348420756
2709423794
1152856742
4271364407
