3692354948
3005985942
1922817802
640281943
1810043478
1016268482
3576067079
1869980500
3103167931
578409467
416366840
688212863
2369225226
3551095441
563972204
2191017124
3416045026
4181439794
2083253628
822729342
1116075261
2136962288
2850471440
3132399938
4244780940
3314459861
865437631
4012304334
1211693569
3093743133
1947180975
2025698834
26064013
1419095907
3461235775
3757919291
3107518406
1607262438
3117965518
234799086
2590068495
3281923887
3372371538
2579597558
3007090617
2075944284
367281207
826260038
143931101
1203105466
3057165035
4007127289
1792074429
2791851582
2069232713
1598782151
845404942
1766182511
3246424907
3973643359
2571098934
696019290
783816017
2924890200
2364671286
1187037340
2227081557
2216122879
2319008523
3914741447
3730235648
1286268763
410017819
2584890978
2819790381
2688426886
3985958273
1438343027
4109446009
3797030262
3211535368
1179256382
3610602104
892387301
2068700899
3534359499
3921110626
2854207295
3807791523
1401271298
1169512064
62982002
1187351109
103244259
2843076910
2656322502
3552416464
1561585219
447300462
1784142732
3051647231
1149906242
628086707
748869535
3161496151
1216320650
3879712349
796379719
299330136
1864275670
88411828
921191261
4009525148
1089875067
710465063
588899145
4050211537
3176199752
3501020932
871411298
3785577212
4100880194
1782802977
3891166690
571936939
3225421290
3747190548
1524062441
2291016076
3679419827
2883190319
395759617
2135183242
538701520
3858351664
2060107087
2164929598
910125304
3206588520
4019344062
494783452
616899135
2429734334
3855108236
2012111584
3455440921
2821631778
3297831207
4013480541
2048068836
1786750275
1143394088
632535273
125339262
3781097733
4055269754
312731510
2817464912
3489806402
1984711463
439501523
527005447
12089251
3352166437
4271823808
2571104083
4267842073
420345257
1353205973
1877624204
3424719361
575267601
3679603844
3398580549
987835544
4046866177
51971754
1514585804
1047558243
519838589
804078388
1996201681
2702586977
2497630764
2650134849
4250972111
4223552483
1787060930
1029071916
3416261733
2931097491
429285680
1672574696
3773193118
1495549140
3865783659
4211580296
509977523
3898687994
3415366517
2674645611
1627375480
2583815536
1935241927
4248188071
1341908918
1386936368
3090358822
1384517565
4249691813
1789716297
1056059659
1656668450
3921760655
3186286231
556924139
3409896477
3759454115
2868737715
2169077862
2581987396
1681603283
1867134723
484587798
601508406
957042808
864765626
819546516
613640513
2128010780
129277526
465344841
2586467683
3779912096
3529718940
200026852
1487755836
2394872553
3919172376
2897077829
483164311
387643896
1285447850
2447867151
3063080876
2793750911
3690881898
3858119875
1873277812
2834188688
1515411134
538268028
3446151233
40612177
4235511121
4278464766
1516388883
1445284707
375639079
2466537812
4210243235
415502000
3143238937
2228372549
1191890792
3256861563
1952937507
3469227314
3316396453
814660937
64632218
3896750830
1574535617
3520295185
1104204745
781327805
3381980879
3723082185
2966255745
3833051791
2011967644
3456549891
3327346496
2044269501
779965226
118650342
2088548113
3108153758
1649601382
3640175577
2113818136
866096326
3789667557
433294523
1625279417
2898021069
2572877791
311356783
726545726
1356462730
2660836494
4213147850
1256158441
738385864
2290573973
4268486431
4068578747
3336839584
416291272
1724617660
2201953698
2531367559
328475583
1804763534
1338562495
4074551584
3672764508
2023901069
975964964
3528590976
3268130785
852390586
1873859126
3409129837
247872418
4294045723
4289522850
623585918
1291682764
1812712526
2781009775
449206264
3609117540
3778731901
3765526775
1100168896
4012806469
2646857478
55572087
1303150167
2394493924
880637254
3228237228
1681488419
618318909
3606511859
3955624807
2146777202
3348731375
1369825501
1517876802
3533838170
2573922494
685191936
408805179
3571921446
1725859223
2079058561
3519214172
2125432472
1105524070
910361218
2491308267
3003251738
484290875
4121562246
862471675
1093679632
2284928009
1505309169
2405623922
2683627972
1531018466
4018001676
3860055426
1255837875
22242933
3726895067
4190240855
2162109139
3576330801
3622762471
726695598
3023057260
4053853218
1237222576
3157380260
822395062
2337854431
3041661582
3567577344
2031973762
570856660
3809607642
1102111823
4196167859
4115627126
1123521494
2704046480
3990076799
3590199393
3367260184
341399843
3503945021
565862978
3551560667
3132868094
2190015356
553747567
537000329
4180284465
3458290951
1958293415
2029061921
1521774155
953277269
1960061832
3306108954
1669417628
277811541
2786904295
3741768583
2326859324
3316493159
1760498663
3638911854
3852188778
3502250305
2934064661
573715877
4099037990
1508791069
3795509691
2142636317
1814772919
2080830537
4085195982
3946514589
3476380841
4037644761
2429076112
2613730685
3705093295
1394270414
4016557743
3237387062
1637485886
663124256
4242776913
2578523573
503102966
3255116343
2923287510
2628003669
295691570
1241753198
3875625001
1283971915
1244854076
2390415254
1166526354
332332072
1161354157
2548549099
2215172742
1951592554
1638600165
48369710
1545206781
262873998
276830723
1808666499
3992545564
3683362641
1130089665
1656604064
2604448804
2613015928
3608785392
3319786755
932034236
2853483569
2932065656
469329806
3592371530
125491121
3960993687
1313260101
1472921858
3397387287
2320671702
455709826
511822750
3652260999
2668669943
3350189760
2475607835
652072717
465247091
1652401209
161941444
3265371659
3715125723
1042290110
2926490965
1614876631
1992437322
1382387247
2544099359
2679032879
2202724474
385690712
3719874947
1435611943
492386685
1957039238
333731261
3005520788
714570847
1719870705
1102952991
691670368
2052136011
1657947207
1628216362
2747074734
1471280826
1169605417
665195968
1188204207
4159422636
1883172147
511943711
705581823
3932788791
4102915200
3349772110
3243818542
88062304
2959854921
4052991144
1188629195
2542499947
3897221416
966318335
1919032892
85285678
1617514198
2143742959
4124052722
2106125429
1623847606
2373755609
1037453066
1406717873
267886182
2069835547
1228671205
3426308693
671329516
3999155779
4098921480
1022167904
766112160
1612903854
3966924357
4125778968
2488151340
1822113529
1674014779
902467003
3955633957
3933314740
3981000327
2578367147
2123090070
4105723930
4023440551
1573752485
1865567625
4142704584
547835522
3885640985
3843218597
1849843494
2440508245
2494084027
3643656276
1690857639
826809577
1752274403
58116133
2486347420
3704200044
455736190
2894267133
1464096499
1859215358
3774419017
2633660177
2434792893
3148167113
3068081543
1569737648
3358218659
3771825580
603445726
3242377912
3148105842
1743271367
1263290511
2313485697
3704488907
2321211280
3837681604
3349136519
3739769600
1687030084
293448055
774926494
609726831
2638033426
1418893837
4256433508
3725575912
4236797345
4156263007
1492454855
3506421057
3450229674
4256241699
135788633
344512823
4201243360
8765114
1560676211
552409447
4227246183
4054957146
23689127
3693972809
3709332203
689554190
1048149490
690067249
1664147602
2607906659
657842317
4289048319
87495554
262349825
256181136
1239274859
2640926387
1079165164
296146347
2842285154
4015943568
1998824966
2140117271
420140897
1060898002
1264941857
1680084225
1427089315
2659810462
2454087283
2408386519
3767068012
2022077630
1949047158
391576599
3529209821
682735661
3912689943
3063312573
1757180765
1008969462
1465193352
1370049114
1688531787
2742037389
1715128621
3706823394
4246683700
3055590840
393093395
3133750805
1014088336
2153500833
3015589190
4140707565
1365343204
3181730218
3297922722
630147105
1575666404
3011397599
188144061
3491964445
687559117
446219564
1167442546
1185181567
2721493402
4106008728
375300271
2335117514
1341845105
1420569099
3964239197
3216320812
1216620772
2122386216
2741026714
652681139
1731377755
1061260935
3703328815
2173367571
976726631
538875546
2876788860
2408028199
3974859430
710904665
3182173859
4050932351
474641314
368921885
931714418
2314665921
2547018758
3494692078
1391800390
1800195384
2946317805
204711517
1744797185
2413582814
2551508493
3212627975
2331538841
220848188
350318027
307903879
3904117042
434107291
305195501
4003758859
2793296201
3871320866
1755822895
1736477966
2987374046
3527321348
3709511947
2404003798
2627853134
1589730794
3673738708
2869404373
3036185115
869120134
528115688
594447179
3002456904
973549382
572495505
3379953687
669544717
284260553
3269501085
144578404
2217523709
1903238900
123290563
3406282291
2767833651
709065068
3904217275
3372168106
4291229967
1007036156
3823274128
3974819048
2676047411
2963750928
1275651074
1100547206
1077376066
2035482813
835792895
2448849128
2206311485
1473095806
3129031423
638326288
1023855255
1860128541
1621703907
2711261273
2175335345
1158418206
1494876233
997635264
1345750231
2502472865
4096162463
1438999429
3473036479
925579477
1443342701
3328264184
1029187159
197757278
1722339791
4004577127
3671105257
3904280463
1923759916
2629506283
988247288
1534838340
1440326717
1251518162
2518415251
4124417799
2157895613
910365481
3504684666
2455959567
1628219774
1883340431
2911279527
2834995518
2155462352
1138705697
3290243868
1873606467
3654882241
2408090673
1607632374
3806595648
371935574
2671209494
604454092
2957344099
3804971127
3531163573
2877080754
1320760743
1773262209
859462689
1870024638
1991918398
3849197136
3542398402
4127602316
706900487
3895895798
2716297410
3542014237
261283171
3555490044
3263759909
2885105507
4000664622
3118814486
2075396629
2754362030
1279560018
1891261253
1099838252
2056645625
985639308
1044875051
452103994
698924208
4192917071
3343883294
2906950008
2971238125
1180082287
3644465410
1046470255
2010761318
2490420876
964690908
109607681
887333205
1508706065
3638831446
3826659729
1722028259
1941460319
1533195030
2903426902
3378743588
2964190695
3425914639
529350950
1116898482
1386052528
1082895845
2480273598
3028809023
237385167
3681124736
2154262956
2752124453
1058434306
2759647097
3455055536
1409551020
2137907332
2900174458
173943827
878269533
3297615284
2422203145
3957348310
3259370555
2079119035
3326280422
1710075081
3739777683
3874765710
1362928332
1775062974
3345423299
2817675340
1385132177
792515903
116822450
1289208210
677292000
1761210257
4101457812
2352804630
1503231257
2977343108
3513032375
351904302
926039152
1732018670
388396974
3819484071
1314455657
2765553443
493286906
3101906646
2500200074
4013613121
3579945688
3328219877
1924554523
2482574737
2552679348
1801259164
2207472347
4055996767
2678660458
1015311976
2557472588
3578653807
1892104687
1755893842
653756771
749458254
2391096783
245752689
3954759828
3857594593
2092120728
1743182440
702219165
2092461673
1608232115
1677126453
1821547485
3268256009
2877027743
1825017883
1179865177
2807343317
2072784818
825753967
329958725
726292548
1746920645
73850438
710951857
1624778234
3901599465
4148471905
727683557
4111005652
2511488909
1966255276
