3361879175
1352723518
3922091789
1725574622
1331589550
2887111291
3708654486
2157175049
1793414480
3383335831
2713442746
2333240188
164397058
2690453604
1214494924
3493775697
730420923
714667156
3041377457
417728249
3742373445
1724108169
4046365744
2428398180
3819591485
2163855611
3862649992
954814973
1208609366
3709931031
1620155558
866898340
2054281227
1868795603
3380990063
42548427
2266596899
1282016365
2417222110
1763880586
2727210643
4105152188
259847808
2755359894
2677270914
3067658931
2135968628
2984312075
1719177035
2242594019
1272782200
3862905185
3430919016
457460673
3585636671
2304866928
1674184071
1277457274
2334202303
2864913204
4246340390
313339577
1479603588
2525662788
789565765
1908695318
1094525765
1340853263
4214018170
1163378059
3996523512
2221450972
2262744613
1918690216
723190588
619214530
1815369882
63572521
326002350
683861779
4030143843
1626726766
1204924226
889396638
2158898694
3904330385
2135561987
2296861462
842131668
3930490721
1878916276
3708388513
1579655055
387122660
2186836051
655983034
4076310413
1673785294
3648928435
3676496199
1715608194
2270906731
549295184
3570168875
325982447
3724642838
119835479
1602891376
1388333330
665237635
3865230296
2451933652
1090261819
2449038518
4153930145
1037663088
1146697547
884778099
2791315754
233077384
3557966226
405389250
3589074282
1081122826
3662187634
3004406705
3437145059
771367282
1398728344
2117700254
2720516171
1056849500
3750599174
4116766816
3304984086
2728746376
731871554
1381775417
2117410836
2630773999
2066164870
1212405885
1522555579
1668635760
3617339821
1168084697
1020947355
1150245551
1418151170
952908081
1117953604
1009305809
2205004616
2509344906
1469114890
283140898
2348908896
966144438
196166310
1599601108
2915571106
1090273692
3510311579
4285290063
3239321405
478172868
3712180456
2593730727
758928065
1272975123
172689490
57590706
3087346174
3127249667
466388608
3901006542
3883321504
4063765937
658612278
2074762037
693143859
917001224
3103787420
3192481061
3478914611
3167911486
2444046644
3338597585
352306307
1637188660
4085185309
2947870579
2030591390
634338467
2302446670
236798612
1874700243
3014845552
145681966
2013517819
1567254053
611782834
172442562
2781948285
2670192962
603754725
2381146805
935364584
3230603958
1491116058
3499821835
2394705206
3830143451
1635758595
1892461084
1415857083
1585118194
563336560
1015211310
1690677917
2153316630
2936648779
2845018603
3447599676
1812939680
186331709
3335010035
3268471288
572475375
2528809310
1454854614
758398352
4199248563
397823773
350586583
601468360
3665066488
4230035709
3168819490
1330387648
1318839690
2004692863
2160484598
3620230618
1931220739
3464360029
2126210214
1473911697
2175666533
1356049828
2306924023
3589335528
3514580046
2286891444
2705938312
4240070868
1135666052
2815017188
1702162126
3976659352
2880759618
3704299884
2755223295
1933170828
1294462872
2856470962
2382067976
3113944261
4185571524
2367692501
1369820328
3995578032
1707461192
1293428174
2107237086
2038580703
370021667
1105850806
2218706297
3467160849
3126260244
3869000670
2987467021
1344899253
1188830570
1800848786
3481227360
2333809145
3970822283
86737781
3722847031
697905431
4173401994
4281614674
2497274237
2787458502
841112584
1305443321
4105264769
860043025
3783689697
376247036
845927493
1418286772
3047348987
826572069
1659947253
103085378
2299779460
3058119221
1345780885
2066183079
1059649742
638857750
2860705181
806809125
1469391180
2217200338
3536533996
187335159
966640605
3173140206
1241546289
4245284498
4204988831
3917754039
3859671902
933681997
1965992042
2757015323
1682835008
877450339
1994163043
815961947
728828319
1109359486
57496838
2423651808
3606358660
925196694
4192890813
934224851
2842717465
1051783536
860014303
414937459
2754637081
2616206288
1858596533
4046577821
1768351628
124818855
2907412453
693919742
4141488975
63411030
3288882048
545242044
906123064
3762831370
3781685742
4095604259
300931759
3186864562
3010928208
1193015246
94850271
1806140129
3833990300
2275826902
3417039816
1300610049
3132735843
3492406537
2107562733
2124814348
157228351
3051978787
945420405
3988529182
1581599969
217839277
937662714
3680741892
1783422901
3338332776
3980612051
1750548367
2071303132
3904937019
2478289560
3648294186
1391247618
2471520484
1473798018
3643671382
836579700
1770826541
1640488569
3676232925
271249279
4116716093
853533934
101333551
1756408712
3321051240
4247997431
502389745
4151508598
3207671592
3227003394
1712920910
3811541270
1923373712
3342002955
3492479586
3162787953
3888582068
3359661836
3080086876
478593154
1447738345
667219250
2503989731
2926727842
1625978513
3912265773
25285975
1582182530
2476321037
1907560561
1679428687
2548837958
1454902740
3075894517
601277361
2410893889
1520113468
938339138
3661114880
552631932
3368211843
3693964282
1527806259
3538966056
3734142066
2995972988
274631874
4178782209
511411976
3184310501
1892793389
2916339559
1406659192
2106530740
1103318472
657549141
1889768888
1082524402
2614645086
2944986439
4130004663
309420393
4124546727
3882734054
4151760526
2571570173
2133486529
2014842856
1162039386
3326670910
4037396409
1107997072
2469382668
664901723
2180297678
3861018888
2305203369
75606992
244176525
1071233219
284838083
1705149042
2289551364
1603888991
488989222
2640226390
1121829884
2934303501
1661737775
3982026875
4205443664
2039516289
1746110625
972234850
3793132861
127244613
588316795
1624399732
1285920682
876984514
3907687660
4104024887
1709786923
3968611341
733577323
1831426961
2368753468
505817015
2160455999
3802384270
3491438151
3383186030
1589309691
337085833
1887186074
1208867789
2650033303
2561831460
136688319
1882438982
4109676523
1077285519
3465659452
886168023
4069325410
3587251394
1064164134
86146402
458038405
2741108107
113946499
879109598
3949865904
3978275644
394053376
2081200398
176749976
2990872485
109461597
524117115
3321489890
3766445440
2502106887
783485094
3143238101
2541441221
1360150772
949305906
2327445819
2570947285
612426278
541324996
2381342889
2621707195
3629967586
3981558274
1999436234
3937170880
3869032074
1492452268
3902734956
310527653
277854798
520567821
3898272142
402986075
3947563676
3372301712
953816041
776395258
1514507142
2375220636
2516813068
854375933
255501780
729877140
1352822877
3415359017
113006658
994020760
2601644830
188634439
4081869836
2255922858
114962587
1508339487
882800317
3011303609
622230796
3158737591
3994731359
2019456135
1863791584
2751831541
3772642088
2309182196
2622079562
605739274
2555343991
2935246327
3458036754
1937739773
3532503325
3496694410
4252220791
3514702649
1363113109
1243407139
426109951
659646386
2135125569
1138993028
3581197741
451323245
120007496
2877626255
669685141
3730434073
2282590004
76114913
392084603
3672522355
3089255431
3321384470
1265101163
2131794830
3763133054
459790367
3974974861
4005899075
1040235573
424089142
2343884086
860990047
3310576402
2401208010
2266618889
797764325
3906101805
912628902
1003672990
1296400622
1449129474
3143871469
231993506
188129633
1011299180
2674987353
370643316
1662324328
2580909956
747006294
3560434048
167271779
1221834089
4054827158
1042124104
2033031378
2361394409
133249575
906790365
1884923462
3602499022
772680462
2258389401
4198672270
2027235895
1877424958
2560053438
580228670
2584861943
2422401584
1773476066
2676919158
2465066182
3251787004
3808410138
2720196676
443084273
4245622106
2284593672
2177475582
57744773
955519301
3779160395
1097171103
3753188516
4162188340
2499393757
3752553644
4125623251
1204894298
1943210231
1265750961
1375645042
239420442
2114762841
3388635034
1713895390
2203258288
3192579202
3112200207
616274863
2919520584
2156146718
3598293245
1236206478
2450291521
2985225107
4278912637
1733941887
3738475252
4241340945
980960534
1770591003
916491054
3748544844
4290680591
2259899808
1826838467
3313347854
1800862048
992921853
2752652613
4158936600
3653925355
1209860240
3923895927
1891823840
4110554735
1312431240
3100135933
3959601222
3662585251
916837022
305973317
3987838527
833956100
103385742
3631380338
1158937532
1994962766
1613344398
3941648946
2238222025
42825393
658182940
3998123952
3920332140
3117380623
3197717160
1850484878
2163095840
3196666469
1315998183
3066334817
3323920709
3770808734
565746311
1877220755
1721203896
2835824440
2464354632
3917958285
46890054
3308443143
1639794238
3861295843
1059295518
3977151582
2368604444
3451407450
1113499171
1170940078
436271201
2761393671
3737045420
4142008137
2003105228
3531416930
2902105930
493336739
2751864538
2624637876
633810903
3347601129
1744246819
445935898
39326561
112352283
3943844579
3951100740
3067424944
144974577
330487052
1803370789
2825490857
3519245415
901093952
1497825022
1438043122
366051158
2102389547
2238950654
3983443336
2251093895
56583881
524292170
3026354990
1692472461
2288148757
1280624021
1210577702
2116970727
3580427966
2639538113
741173751
2741692094
135689568
301519261
1923480440
1956195901
2055894226
3054892442
477137129
2698536383
563454600
760866090
778639188
2633085877
4201617462
608357570
3331127247
1456620885
3513100105
3558474863
107113124
770648287
3596695557
3713922581
276012186
536690730
1223893270
3069122750
3940989442
2306506481
304318915
6345102
1349683302
783766521
1573528125
675041691
3823334172
1033244252
2011430450
210959904
965486315
393351203
4223469976
189447999
3372440649
4090465420
1235204547
1784108176
2556922546
1326332778
2214908987
3472151610
3657727587
3972965479
805916806
1495936202
2329882867
4109219059
202198154
370644676
2099507395
1682553502
810561907
4189520844
538929739
1738272992
695760963
3899745307
1522444834
1890522687
3749666411
2734072434
2711878894
435432913
361119030
2519863526
1375331537
3239951968
2900435976
2221696824
434572509
4159097987
3768700088
4293043267
3325603638
2820595193
127484169
3635850357
2855884745
2563162761
1383045762
2261699005
2698088033
2996910863
768781327
1916630246
1218088054
1000103804
3187896293
2886427994
3567838282
3424242458
1512359239
2466563105
2073877953
3837081523
170763474
1749076649
1404016195
2375252208
3006021494
2896054263
3899796775
386261580
3268070058
3899075525
2934842378
663058077
2743391478
442173211
766710439
3005054932
2149172551
2929613567
3723529215
1567537848
3439725348
2150838197
1568298935
3860542033
2323324249
3554246545
2035224836
4136913619
2248979380
524110505
2070807101
3725986441
4154687594
1920922653
861752835
3375434477
3858171323
2907473019
2243733978
8114873
1068841551
2272153617
3773203015
627128336
1308892417
2033131955
1043917023
1195389070
1802228966
789880765
546265164
3142650991
3242754337
4243979127
821849594
355276859
1936606958
3452485079
2486447406
598563110
2578608418
626853833
824755835
353493896
92147768
676791044
3469411583
1690487157
2153940963
3276765740
2908186889
1320898418
3455485912
3166479006
889301961
258602325
162200372
