3200083314
1349952283
111518513
3937964112
4008668457
1778638092
636022397
1020075950
2016056946
1987879680
2709951438
202517521
2073375737
1621482636
3182564310
115157618
3522448603
1435442540
1920600541
1534574557
1023769339
3641714966
1516398319
3243129776
3242143020
3083686721
2836058099
4000196265
2111401332
1586457775
3493884258
333944020
3469863210
2372848336
3534289290
2124560262
839884367
4177906476
1282214044
1117862467
3636756055
3067613136
1399381089
1417665139
1225543819
2696376741
2667391588
1300709436
361942396
3415213858
2783998360
3550980953
4284456927
2552973357
3573319674
3296680603
3400109229
2629203795
433844701
2615945101
4239165539
3652913363
2894570723
1533474094
1034784303
23931771
608253498
1380489305
1764788216
1077467391
1069922540
2480401536
2797383619
1541282369
2321069898
176593746
3833217828
801910859
2439352713
1237361731
4099257863
272342765
522710238
3040341376
1484714403
1326481990
3025522858
3327289034
3689353839
217528826
2462683102
3312572071
185362389
2032533998
2590519555
357301191
743896350
2891759844
3159032388
1551787237
2360548884
21814316
3286972488
951004441
2088767615
2943756344
609402112
228727769
2516224533
1404125545
135776327
3539290568
37941742
3550275057
2877206112
2833298969
2052777992
3424947973
3846454535
1048142549
1448784708
108288253
538736456
1884366450
3346451357
3735680895
3901394140
2604358356
4233494116
817015464
3642004283
621348546
3220816234
2102170240
209732814
2267635330
869291838
533135109
3303136726
339160347
3272773617
3480237671
4264224153
4054519413
2631478951
2562708993
763830526
4203217522
2718031153
2907803042
5634512
1385917063
3334027554
3527160940
3263322292
3137803198
2003771334
107291693
4277829373
2509589391
2691828317
3322053345
1568919566
3619846703
2289900524
1259422700
250788122
1676372914
3711480700
2713553975
391635306
2216709687
826011716
2841226365
102629590
110156116
2867898025
2057236187
1342075481
3071754979
3056248198
2983759275
2916748861
1873206867
972056773
2851243153
3581664257
1905181948
2335383284
4115708610
2736386822
844548858
2318799038
1277124974
2792152983
2388265560
758962128
1326910035
1710920413
3280210093
278967621
3339378273
68202562
1359466638
3386828197
3089345808
2109256144
466748977
966098139
1472506972
2342969883
2874184905
2163535245
3052218063
934085877
1900937964
2473105093
3082728893
1076724249
4256538606
2269602186
95719953
1764345002
1713971956
210237999
2341345806
1362113353
3162383429
1713487870
1779742001
1794082408
3732644953
4109038849
3810165924
3259363587
4040182033
3350243560
2266363518
44005619
1571596371
3698535424
2275241945
1722615722
224179270
3780316204
2584691879
568860842
2589145300
1416693872
3667487535
140700401
4070632847
222182119
2251638038
4234533373
2886799440
1299299581
657068234
3277793331
3983685887
3889968361
1231400297
1708561069
1206797548
1627646453
2610281099
3026014665
3538657691
2110442519
2907699283
452173649
1244196989
3502782382
294521520
3419683164
3540810563
3504511825
4070025269
4121982045
2622394816
2157996443
1073390866
4376446
1292389928
3714114958
4227459494
526652096
985126814
3368714300
2170865434
695660793
442286829
3257228877
1416994267
505366972
306116392
1470740965
1915755599
1182881523
3888061276
2655502326
1586507370
821377860
1680073162
458167591
3298472850
3489654310
1415366875
1706951032
398140848
313432822
4294409166
22594217
951069647
2230546507
3048653814
3570308946
3267255360
805127099
1992716222
3708794598
1371472623
2377513438
1665807289
2191336903
3802074229
1629753949
2392309418
1360692075
797678032
3397863048
1755096003
1618152337
556026161
2823134000
2136031873
3072878881
4220424391
458941836
3129182553
3199294765
931283783
2193165042
3741612833
1550717233
1464319157
3136870269
2733885878
2741628628
1222053933
4035857860
535624383
2546992802
2005248288
2526594672
1149676091
2851199419
3390630872
991137097
501975700
4221478344
3419535675
1781173056
1393576641
323009349
2167092081
266959539
928929644
1271308053
2628391911
67439884
289350686
1110394560
4095042779
1229667100
3946654984
2635940486
2633931808
2687354941
1013379496
2820903073
2630642426
603415635
550575693
1611614177
2526498968
3960059290
2380890151
4908273
3326720507
3751971136
1607667365
4277241190
100232008
983539456
3867184223
376040602
1420662151
633198505
1985984941
2887875096
4012199561
2558391187
3892285972
2719875466
666985277
2138970926
1063985475
858714274
1247936991
1097169555
685431944
439828621
3069553246
1953700769
4158731362
4241393236
2894469782
2504606460
533009047
258090972
950648848
366201061
4112813762
4217596732
1452320766
260546537
1931672404
2772812656
3092410693
959440248
1972400312
191816219
848353325
456716295
2721726971
2863647705
692880467
2165419696
741961395
1007601348
2115019087
756547123
2297371707
107051119
83695609
1716452344
2667924320
4215495380
2469120472
2819040976
3615299454
3352255319
3088059813
2369445783
264424083
2223028923
3911579984
2549455031
3096326662
2803327297
752090910
892520006
3535546331
2662003704
3664241106
3991661948
2562756254
2876393719
2952258017
716630148
56916407
101264478
1407012479
3091774902
1346069353
3063805186
260805276
3336413808
551615513
3541808808
470969775
1699941116
2241697722
3660795375
3260051752
1121449298
868255468
1086323490
1151827247
3411795310
2923358133
734504177
879001853
722807488
1205915942
3846424388
684342193
2553913743
755689195
1260420608
3639333488
4128630626
365543902
2477847495
885190979
935207670
2415131590
3789763555
1954354604
265758664
2397313471
3081508246
2529635385
457606841
3114904913
209363280
1380000376
3083679391
851778576
3115172563
1057220392
1061035451
1839823903
125639754
980797488
3976378537
4176441826
3434376171
2028751599
3347813591
389342655
4226502590
3515093168
567613017
3771763990
3744759887
2828385777
4200193764
4045601510
1639175929
1995674287
2422763388
762549855
2830330339
1952583588
2269395087
183421957
3199120370
1925723354
4265250963
691828327
1508406911
3016753260
3362187714
3196767949
221295076
2055974946
2641443525
4279320049
3443606886
1481835920
616703456
1874636351
3038597954
4057367544
345765548
595997419
1589584070
3998224181
426624302
2562911370
1865026115
3794654002
1362910711
2329462390
3504316637
3158721887
3915282953
3858131398
823724417
353178421
1511454848
634518115
1227846285
1219405682
341148434
583381033
215716713
2825325170
1812247078
2990665670
2022992730
1242916101
805535167
2837642949
700355256
2262042316
3351067786
1705369372
377501663
520102818
1979297048
1259023253
3779725705
2937343796
4171847149
2424766471
1618792644
3068236598
342179797
3227977050
960950972
87107508
422665655
1651718772
2726995370
835471381
2702719538
1838877373
2505652155
3329213420
4233740357
1316048845
2526240041
1542878706
1011324310
273903468
3395610579
2236301084
3081832264
2085736548
2381519370
955746099
3391218779
603266766
2243904984
3448379418
1605039262
639611970
3261340969
2044896489
2190334102
176131961
2307556497
4194421693
2914470598
3642408593
1473505109
1276316649
2158597790
4248566723
3392702114
2272907604
389214301
1847061729
3808108964
1597225635
614341776
109153750
3495010091
2502250705
3637675662
2288210799
2748747624
894269653
3500485182
3384330543
3275058497
3174185967
3015409608
1409297609
1656595621
319068561
2263468234
1105867122
4283048080
3495418556
1258924220
3185369555
489993504
4186893800
2722890193
1823485354
1236171816
1129109661
3552412402
530420579
331683579
2455756982
2808866258
2716389242
3103636569
3785746338
4150306890
2941957822
3358344568
1357890073
3174727599
2872262600
1434545165
2015293869
1665881528
913734022
3516817797
2826380562
3598527608
229680545
966110531
193782013
1710386612
551275350
1872090702
2127814880
1530122599
50011368
1302570811
299870393
2111283581
3069244833
2698293731
3958478967
3340604680
3257488662
4193766195
312787995
3470508040
1837758405
1029616093
2278156687
3857894035
683568291
1080408310
404449835
3734511620
2306958408
68087628
3842471007
2048828089
1735616061
2100084487
3007931969
1872771489
2047971467
1209681387
339972792
2759890930
2041517421
4217234796
3120075796
3291640969
3737201368
2295379381
1387072070
2404631860
156428046
3822237495
330676237
842858679
3613302242
2562272755
501579120
4214206197
3503306797
762022695
3722961184
431868385
2964753793
1104493890
702333436
2373990573
3626918151
2514479872
2135176383
3282477718
3917038828
4251985886
3371759739
688489344
910715068
1352750963
867057876
2367888590
972020211
2565524475
4079791377
3076093078
2696214035
4037520424
2708961689
2261494235
2380706883
917620596
3317123899
3067582259
3255529547
743083786
3369454143
1137724470
8620733
1263950007
2287987319
3610717983
1749948629
3251192479
3670023186
4043581139
3457285052
3718669039
780847186
2274804178
2855890564
2061239152
2902309641
1745767975
2559911554
3035262112
3602650111
3434670686
4019918407
656780590
3263474094
2711162038
2180913809
388981543
2452893378
3932210100
2966515039
841138082
3742327913
1137305768
2772840198
1954362869
2327604756
3903019211
4109720534
2927179313
2673156014
2830695998
1486083489
1725657842
405004464
3801057258
1546327219
3910145613
2430711681
1680430505
2635468295
3322858988
3923444885
2692081169
2320417034
530231197
122453897
2669568311
875412939
4043775009
1122343264
3371553028
678978990
3178974920
1088862137
1412057745
2994004365
3874456399
3326830988
3291298321
243949414
3920693109
3802642586
2737486400
2017119825
535767945
2840636934
781597070
3713410813
683199769
308627220
3933524151
2082674758
4199624115
587426368
2267210181
3093275976
3525764435
3743203509
2789352752
3194936322
3627774037
1879106285
3891522723
3600806800
894507814
3499087804
1701843584
2200175376
1803965651
2190536701
1921976586
3865975677
2234816093
3893922274
3719437168
1163319262
1778800904
2244360955
297143639
3549179513
2653392472
2457570414
2637270837
909660830
2971277771
3057851290
1932923202
2464100461
4001884804
1765478031
364361146
2198864762
3969866341
4255959052
4043452698
1392802762
1406659444
2040445224
2043027669
105322843
1223521869
581963455
1335369356
3313413544
163519597
2892752884
3258251390
4200188547
2721098727
1590564961
629974656
2596486126
1248731921
1334101751
1007937050
1522550834
721558513
1744696879
4265028819
1845846437
2214967069
1848099758
1545295975
3588480620
1810834971
1789669421
2039818585
1265797062
1791167075
2053282596
164100935
591618576
2938763152
2863419613
910946374
1075943559
353985279
294999516
3741286699
4119084678
952906284
1874083944
278873396
4279147560
3187328973
1164033228
771273648
1247502487
4017874387
3958917715
3036232266
3853926866
2618226068
355913098
1551536873
3402697402
2604781657
2283716476
2714959876
4222614861
2228074126
1905368960
240543920
2873174800
1246686241
1855618884
254742621
1237065519
2171263587
2667329904
596936377
3678149656
